4.05311584473E-6
3.09944152832E-6
2.14576721191E-6
1.90734863281E-6
2.14576721191E-6
2.14576721191E-6
1.90734863281E-6
9.53674316406E-7
3.81469726562E-6
1.90734863281E-6
2.14576721191E-6
9.53674316406E-7
1.90734863281E-6
2.14576721191E-6
1.90734863281E-6
1.90734863281E-6
9.53674316406E-7
2.14576721191E-6
1.19209289551E-6
1.90734863281E-6
1.90734863281E-6
9.53674316406E-7
2.14576721191E-6
2.14576721191E-6
9.53674316406E-7
1.90734863281E-6
1.90734863281E-6
9.53674316406E-7
1.90734863281E-6
1.90734863281E-6
9.53674316406E-7
2.14576721191E-6
2.14576721191E-6
9.53674316406E-7
1.90734863281E-6
1.90734863281E-6
1.90734863281E-6
1.90734863281E-6
2.14576721191E-6
1.90734863281E-6
1.90734863281E-6
1.90734863281E-6
9.53674316406E-7
2.14576721191E-6
9.53674316406E-7
9.53674316406E-7
2.14576721191E-6
2.14576721191E-6
1.90734863281E-6
1.90734863281E-6
9.53674316406E-7
1.19209289551E-6
1.90734863281E-6
1.90734863281E-6
1.90734863281E-6
9.53674316406E-7
9.53674316406E-7
2.86102294922E-6
1.90734863281E-6
9.53674316406E-7
9.53674316406E-7
1.90734863281E-6
2.14576721191E-6
2.14576721191E-6
1.90734863281E-6
1.90734863281E-6
9.53674316406E-7
1.90734863281E-6
2.14576721191E-6
2.14576721191E-6
1.90734863281E-6
1.90734863281E-6
1.90734863281E-6
1.90734863281E-6
2.14576721191E-6
2.14576721191E-6
1.90734863281E-6
1.90734863281E-6
1.90734863281E-6
1.19209289551E-6
2.14576721191E-6
1.90734863281E-6
1.90734863281E-6
9.53674316406E-7
1.90734863281E-6
1.90734863281E-6
1.90734863281E-6
2.14576721191E-6
2.14576721191E-6
0.0130100250244
0.00306510925293
0.00313806533813
0.00318813323975
0.00301790237427
0.00311899185181
0.00304412841797
0.00300312042236
0.00342488288879
0.0032958984375
0.00308418273926
0.00304913520813
0.00304412841797
0.00312399864197
0.00307393074036
0.00301599502563
0.00303506851196
0.00303411483765
0.00305891036987
0.00301694869995
0.00301790237427
0.00320291519165
0.00343608856201
0.00350403785706
0.00326085090637
0.00325107574463
0.00339794158936
0.0033278465271
0.00309300422668
0.00359511375427
0.00343704223633
0.00330591201782
0.00318288803101
0.00355505943298
0.00347208976746
0.00324988365173
0.00301003456116
0.00299906730652
0.00303602218628
0.00356984138489
0.00316905975342
0.00306010246277
0.00298810005188
0.00300002098083
0.00297808647156
0.00326991081238
0.00301003456116
0.00299215316772
0.00301194190979
0.00323605537415
0.00310492515564
0.00301599502563
0.00307393074036
0.00301694869995
0.0031361579895
0.00305581092834
0.00301384925842
0.00299596786499
0.00300598144531
0.00300097465515
0.00313806533813
0.00308394432068
0.00301814079285
0.00307607650757
0.00306797027588
0.00334310531616
0.00308394432068
0.00302791595459
0.00302791595459
0.00301098823547
0.00313591957092
0.00333285331726
0.0031099319458
0.00300407409668
0.00305199623108
0.00321197509766
0.00346899032593
0.00306081771851
0.00308394432068
0.00303888320923
0.00309109687805
0.00330591201782
0.0029981136322
0.00316214561462
0.003084897995
0.00302600860596
0.0031430721283
0.00306105613708
0.00307512283325
0.00303101539612
0.00302219390869
0.00323009490967
0.00308799743652
0.0030300617218
0.00300908088684
0.00304412841797
0.00307703018188
0.00314784049988
0.00313210487366
0.00309586524963
0.0030620098114
0.00302004814148
0.00347304344177
0.00368905067444
0.00308704376221
0.00305819511414
0.00308108329773
0.00337195396423
0.00308299064636
0.00301599502563
0.00323009490967
0.00346183776855
0.00400400161743
0.0034339427948
0.00348806381226
0.00343298912048
0.00360584259033
0.00337100028992
0.00303888320923
0.00300192832947
0.00306296348572
0.0030210018158
0.00343418121338
0.00374603271484
0.00309300422668
0.00302481651306
0.00309491157532
0.00307202339172
0.00299501419067
0.00321197509766
0.00300192832947
0.00306797027588
0.00332093238831
0.00341391563416
0.00313901901245
0.00307106971741
0.00306606292725
0.00336098670959
0.00342202186584
0.00304818153381
0.00299000740051
0.00301718711853
0.00317907333374
0.00322508811951
0.00305485725403
0.00303912162781
0.00302696228027
0.00300598144531
0.00309109687805
0.00302791595459
0.0030210018158
0.00302004814148
0.00301694869995
0.00328397750854
0.00307893753052
0.00303483009338
0.00301599502563
0.00323009490967
0.00313806533813
0.0030620098114
0.00300979614258
0.00299906730652
0.00294899940491
0.00326299667358
0.00326895713806
0.0030951499939
0.00306510925293
0.00304508209229
0.00312209129333
0.00322794914246
0.00307011604309
0.00303888320923
0.00303292274475
0.0029878616333
0.00298404693604
0.00305080413818
0.00321698188782
0.00392198562622
0.00367188453674
0.00319385528564
0.00320601463318
0.00307106971741
0.00320506095886
0.00306987762451
0.00301694869995
0.00307703018188
0.00302910804749
0.00296711921692
0.00292301177979
0.00313806533813
0.00340104103088
0.00307297706604
0.00302696228027
0.00317096710205
0.00329208374023
0.00350308418274
0.00342917442322
0.00305485725403
0.00306987762451
0.00296783447266
0.00310492515564
0.00305390357971
0.00301694869995
0.00308203697205
0.00315308570862
0.00322198867798
0.00307703018188
0.00303792953491
0.00300312042236
0.00304579734802
0.00301694869995
0.00299382209778
0.00302600860596
0.003084897995
0.0030689239502
0.00304794311523
0.00325393676758
0.0030689239502
0.00304484367371
0.00503206253052
0.00516986846924
0.00339794158936
0.00329995155334
0.00415706634521
0.00317478179932
0.00331497192383
0.00374507904053
0.00338220596313
0.00324296951294
0.00324416160583
0.00350499153137
0.00342202186584
0.00335717201233
0.00301814079285
0.00322604179382
0.00332117080688
0.00308990478516
0.0030620098114
0.00302886962891
0.00309085845947
0.00304007530212
0.00310611724854
0.00302815437317
0.00300812721252
0.00292992591858
0.00355291366577
0.00320291519165
0.00303888320923
0.00298118591309
0.00308299064636
0.0031111240387
0.00322508811951
0.00302410125732
0.00300598144531
0.00302696228027
0.00313019752502
0.00335216522217
0.00313115119934
0.00304484367371
0.00318193435669
0.00303816795349
0.00330805778503
0.00302505493164
0.00300693511963
0.00295805931091
0.00300312042236
0.00324511528015
0.00299406051636
0.00305104255676
0.00300598144531
0.00300598144531
0.00309705734253
0.00305604934692
0.0030300617218
0.00306701660156
0.00299406051636
0.00300788879395
0.00299000740051
0.00301694869995
0.00299501419067
0.003014087677
0.00303196907043
0.00334000587463
0.00311803817749
0.00312209129333
0.00306797027588
0.00304198265076
0.00314593315125
0.00334787368774
0.00328707695007
0.00305891036987
0.00300216674805
0.003014087677
0.00313782691956
0.00303983688354
0.00297689437866
0.00305318832397
0.00310111045837
0.00327301025391
0.00307011604309
0.00300693511963
0.0029661655426
0.00308680534363
0.00301694869995
0.00304913520813
0.00301694869995
0.00302386283875
0.00301909446716
0.00300812721252
0.00312995910645
0.00303196907043
0.00298190116882
0.00299096107483
0.00299096107483
0.00309705734253
0.00304484367371
0.00304698944092
0.00303316116333
0.0029661655426
0.00310397148132
0.00369501113892
0.00310182571411
0.00300908088684
0.0029878616333
0.00312185287476
0.00318217277527
0.00300598144531
0.00299692153931
0.00303816795349
0.00309300422668
0.00328993797302
0.00303816795349
0.00302004814148
0.00304317474365
0.00297594070435
0.00309419631958
0.00299382209778
0.00307083129883
0.00301909446716
0.00301718711853
0.00307202339172
0.00313019752502
0.00301194190979
0.0029730796814
0.00308799743652
0.00307083129883
0.00329303741455
0.00308990478516
0.00305700302124
0.00304007530212
0.00310707092285
0.00332403182983
0.00330591201782
0.00307011604309
0.00297689437866
0.0031840801239
0.00332903862
0.00305199623108
0.00297904014587
0.00303602218628
0.00298500061035
0.00294899940491
0.00298404693604
0.00315189361572
0.00302004814148
0.00294804573059
0.00302195549011
0.00313115119934
0.00309991836548
0.00301599502563
0.00300002098083
0.00296998023987
0.00293183326721
0.00310087203979
0.00307512283325
0.00297784805298
0.00293707847595
0.00296807289124
0.00318908691406
0.00310206413269
0.00311303138733
0.00312304496765
0.0030779838562
0.00344109535217
0.0032799243927
0.00312304496765
0.00307202339172
0.00311398506165
0.00318193435669
0.00306391716003
0.00302314758301
0.00300717353821
0.00310182571411
0.00310087203979
0.00321483612061
0.0030198097229
0.00312995910645
0.00311493873596
0.00305008888245
0.00305819511414
0.00302314758301
0.00305390357971
0.00302195549011
0.00299382209778
0.00314712524414
0.00305104255676
0.00301694869995
0.00299382209778
0.00301480293274
0.0030198097229
0.00306510925293
0.00307989120483
0.00307297706604
0.00305318832397
0.00295996665955
0.00331282615662
0.00328588485718
0.00311613082886
0.00307393074036
0.00304007530212
0.00318598747253
0.0033438205719
0.00305008888245
0.0029661655426
0.00300192832947
0.00308012962341
0.00306105613708
0.00297904014587
0.00296807289124
0.00301599502563
0.00307893753052
0.0032069683075
0.00305700302124
0.00304794311523
0.00305199623108
0.00297689437866
0.00294208526611
0.0030369758606
0.0030210018158
0.00307202339172
0.00305819511414
0.00309801101685
0.00320911407471
0.00307297706604
0.00302600860596
0.00311994552612
0.00309014320374
0.00357794761658
0.00326895713806
0.00304317474365
0.00305390357971
0.00303602218628
0.00312089920044
0.00310707092285
0.00307393074036
0.00305509567261
0.00305891036987
0.00303602218628
0.00301694869995
0.00302410125732
0.00300288200378
0.00295305252075
0.00295305252075
0.00318217277527
0.00309491157532
0.0030300617218
0.00304198265076
0.00299000740051
0.00303077697754
0.00318598747253
0.003014087677
0.00311589241028
0.00299000740051
0.00313210487366
0.0032639503479
0.00307703018188
0.00300097465515
0.00302410125732
0.00305819511414
0.00374102592468
0.00324702262878
0.00310015678406
0.00302791595459
0.00296092033386
0.00339579582214
0.00307703018188
0.00296092033386
0.00301289558411
0.00304293632507
0.00313496589661
0.00310111045837
0.00304794311523
0.00298500061035
0.00299692153931
0.00301194190979
0.00306415557861
0.00308108329773
0.00302195549011
0.00299406051636
0.00299692153931
0.00311613082886
0.00306797027588
0.00303602218628
0.00301194190979
0.00300192832947
0.00301003456116
0.0031111240387
0.00304198265076
0.00298810005188
0.00299692153931
0.00300812721252
0.00308585166931
0.00305008888245
0.00299906730652
0.00302910804749
0.00293493270874
0.003249168396
0.00361394882202
0.00311803817749
0.00306606292725
0.00304889678955
0.0034499168396
0.00307106971741
0.00302982330322
0.00303292274475
0.00308585166931
0.00321197509766
0.00307989120483
0.00305104255676
0.00300598144531
0.00300812721252
0.00303101539612
0.00299096107483
0.00300121307373
0.003084897995
0.00307297706604
0.00305700302124
0.00354409217834
0.00376105308533
0.00317096710205
0.0031418800354
0.00306606292725
0.00330877304077
0.00330090522766
0.00315594673157
0.00309491157532
0.00308513641357
0.00330781936646
0.00309586524963
0.00298714637756
0.00302195549011
0.00301694869995
0.00301003456116
0.00311899185181
0.00304079055786
0.0029821395874
0.00301790237427
0.00307202339172
0.00328588485718
0.00302505493164
0.00299501419067
0.00302290916443
0.00299906730652
0.00305008888245
0.00300288200378
0.00295281410217
0.00294804573059
0.00294208526611
0.00297689437866
0.00310301780701
0.00333499908447
0.00309610366821
0.00299501419067
0.00301909446716
0.00335788726807
0.0032799243927
0.00312304496765
0.00304698944092
0.00296211242676
0.00321412086487
0.00310301780701
0.00304198265076
0.00306296348572
0.00306391716003
0.00335001945496
0.00309109687805
0.00305509567261
0.00304007530212
0.00305199623108
0.00322103500366
0.00438404083252
0.00414514541626
0.0031750202179
0.00307202339172
0.00353288650513
0.00305795669556
0.00302410125732
0.00312781333923
0.0030460357666
0.00299191474915
0.00308704376221
0.00310301780701
0.00305390357971
0.00295901298523
0.00333690643311
0.0043249130249
0.00423312187195
0.00316095352173
0.00302290916443
0.00323581695557
0.00365686416626
0.00345516204834
0.00339293479919
0.00345897674561
0.003338098526
0.00317215919495
0.00307822227478
0.00378799438477
0.0032479763031
0.00408005714417
0.00308418273926
0.00303602218628
0.00301694869995
0.00307202339172
0.00311303138733
0.00308108329773
0.00309205055237
0.00311803817749
0.00311684608459
0.00321102142334
0.00322294235229
0.0031681060791
0.00315189361572
0.00308418273926
0.00328803062439
0.00329494476318
0.00310516357422
0.00309205055237
0.00308012962341
0.00326085090637
0.00315809249878
0.00307607650757
0.00307202339172
0.00303387641907
0.00304293632507
0.00321912765503
0.00363397598267
0.00304508209229
0.00305891036987
0.0031270980835
0.0031909942627
0.00309991836548
0.00306797027588
0.00307703018188
0.00310587882996
0.00312519073486
0.00311303138733
0.00317096710205
0.00319814682007
0.00319504737854
0.00377607345581
0.00335597991943
0.00431799888611
0.0040078163147
0.00369381904602
0.00336003303528
0.0032000541687
0.00321197509766
0.00379610061646
0.00338697433472
0.00312495231628
0.00312304496765
0.00304889678955
0.00300693511963
0.00318193435669
0.00310397148132
0.00301599502563
0.00302982330322
0.00301909446716
0.00302910804749
0.00306701660156
0.0030300617218
0.00300288200378
0.00294184684753
0.00296115875244
0.00310492515564
0.0030460357666
0.00295615196228
0.00300002098083
0.00310802459717
0.00300288200378
0.00315999984741
0.0030369758606
0.00300598144531
0.00310492515564
0.00301384925842
0.00315809249878
0.00303602218628
0.0029878616333
0.00295400619507
0.00297999382019
0.00318098068237
0.00326299667358
0.00316095352173
0.00303196907043
0.00300788879395
0.00316405296326
0.00314593315125
0.0030529499054
0.00298881530762
0.00310897827148
0.00307488441467
0.00312185287476
0.00301599502563
0.00300288200378
0.0030369758606
0.00297808647156
0.00305485725403
0.00300097465515
0.00294399261475
0.00300908088684
0.003014087677
0.00304007530212
0.0030529499054
0.00300717353821
0.00307703018188
0.00308203697205
0.00307893753052
0.00357794761658
0.00325393676758
0.0030369758606
0.003014087677
0.00295495986938
0.00334501266479
0.00303816795349
0.0029718875885
0.00300288200378
0.00300908088684
0.00301814079285
0.003005027771
0.00301599502563
0.00299978256226
0.00293111801147
0.00299596786499
0.00323390960693
0.00305891036987
0.00302290916443
0.00300788879395
0.00306510925293
0.00317001342773
0.00302004814148
0.00294494628906
0.00305199623108
0.00303602218628
0.00305199623108
0.00317215919495
0.00310111045837
0.00303196907043
0.00301718711853
0.00307297706604
0.00349593162537
0.00323390960693
0.00302720069885
0.00300598144531
0.00299882888794
0.00314998626709
0.00307106971741
0.00308799743652
0.00306510925293
0.00303387641907
0.00326418876648
0.00318908691406
0.00319004058838
0.00446605682373
0.00340008735657
0.00321984291077
0.00309491157532
0.00300097465515
0.00295615196228
0.00298380851746
0.00310301780701
0.00306415557861
0.00300121307373
0.00296711921692
0.00305008888245
0.00302600860596
0.00315093994141
0.00309705734253
0.00298404693604
0.0029239654541
0.00300097465515
0.00328397750854
0.00311398506165
0.00308513641357
0.00302290916443
0.00301218032837
0.00347709655762
0.00342416763306
0.00308203697205
0.00310277938843
0.00301504135132
0.00309681892395
0.0030791759491
0.00300908088684
0.003014087677
0.00303411483765
0.00300097465515
0.00309491157532
0.0030529499054
0.00298500061035
0.00302696228027
0.00294208526611
0.00305199623108
0.00303196907043
0.00312805175781
0.00303101539612
0.00296401977539
0.00302696228027
0.00312614440918
0.00303411483765
0.00307703018188
0.00302314758301
0.00297403335571
0.00328803062439
0.0034339427948
0.00317597389221
0.00304102897644
0.00296092033386
0.00311493873596
0.00301814079285
0.00295281410217
0.00300216674805
0.00299596786499
0.00303483009338
0.003005027771
0.00297498703003
0.00299501419067
0.0029890537262
0.0029981136322
0.00317788124084
0.00309419631958
0.00301003456116
0.00293898582458
0.00308108329773
0.00311517715454
0.00304293632507
0.00299406051636
0.00296688079834
0.00320601463318
0.00318098068237
0.0032000541687
0.00319886207581
0.00317287445068
0.00298500061035
0.00321006774902
0.00340104103088
0.00319814682007
0.0030369758606
0.00301504135132
0.00300097465515
0.00321793556213
0.00308012962341
0.0030369758606
0.00300717353821
0.00301003456116
0.00311207771301
0.00305390357971
0.00293183326721
0.0029661655426
0.00300788879395
0.00302195549011
0.00312685966492
0.00302195549011
0.00300598144531
0.00301694869995
0.00303101539612
0.00326681137085
0.00307011604309
0.0029571056366
0.00299191474915
0.00302910804749
0.00304889678955
0.00304102897644
0.00299906730652
0.00301098823547
0.00302290916443
0.00297904014587
0.00334692001343
0.00311589241028
0.00304889678955
0.00297689437866
0.00303602218628
0.00327301025391
0.00350308418274
0.00306010246277
0.0030369758606
0.00302600860596
0.00319600105286
0.00313496589661
0.00301098823547
0.00301885604858
0.00301384925842
0.00309705734253
0.00328707695007
0.00301504135132
0.00310897827148
0.00306701660156
0.00301599502563
0.00302481651306
0.0029411315918
0.00310397148132
0.00309491157532
0.00300002098083
0.00318098068237
0.0031259059906
0.00318694114685
0.00309705734253
0.00304484367371
0.00307703018188
0.00331091880798
0.00334596633911
0.00315403938293
0.0030460357666
0.003084897995
0.00313496589661
0.00301694869995
0.0030210018158
0.00300002098083
0.00305008888245
0.00317001342773
0.00302219390869
0.00299382209778
0.00297021865845
0.0029628276825
0.00304198265076
0.00311303138733
0.00302004814148
0.00306081771851
0.00308799743652
0.00308609008789
0.00315809249878
0.00304698944092
0.00295400619507
0.00304889678955
0.00299787521362
0.00296902656555
0.00294709205627
0.00310087203979
0.00302195549011
0.00303483009338
0.00309896469116
0.00367903709412
0.00316095352173
0.00311684608459
0.00307011604309
0.00302910804749
0.00339293479919
0.00311207771301
0.00308394432068
0.00312399864197
0.00296998023987
0.00316596031189
0.0031099319458
0.0030369758606
0.00300097465515
0.00309300422668
0.0030210018158
0.00301909446716
0.0029718875885
0.00301599502563
0.00295782089233
0.00304007530212
0.00338697433472
0.00304198265076
0.00304412841797
0.00308084487915
0.0030620098114
0.00307106971741
0.00309705734253
0.00319385528564
0.00300908088684
0.00304007530212
0.00301384925842
0.00311398506165
0.00310301780701
0.00303792953491
0.00296401977539
0.00301814079285
0.00340986251831
0.00324082374573
0.00313210487366
0.00304698944092
0.00300812721252
0.00314998626709
0.0031521320343
0.00327897071838
0.00306296348572
0.00308895111084
0.00308394432068
0.00306677818298
0.00305604934692
0.00293302536011
0.0029890537262
0.00302600860596
0.00309205055237
0.00304508209229
0.00303483009338
0.00304889678955
0.00304913520813
0.00318622589111
0.00321006774902
0.00313305854797
0.00302219390869
0.00311088562012
0.00306701660156
0.00334405899048
0.00336813926697
0.00307083129883
0.00305104255676
0.00318384170532
0.00316596031189
0.00299787521362
0.00293922424316
0.00304079055786
0.00302219390869
0.0030210018158
0.00305891036987
0.00298595428467
0.00298810005188
0.0030369758606
0.00317716598511
0.00319004058838
0.00307583808899
0.00299310684204
0.00323104858398
0.00310707092285
0.00308799743652
0.00300002098083
0.00295996665955
0.00305104255676
0.00299906730652
0.00299096107483
0.00302600860596
0.00309300422668
0.0030460357666
0.00303292274475
0.00332403182983
0.00358104705811
0.00312995910645
0.00303602218628
0.00305318832397
0.00318813323975
0.00316500663757
0.00311017036438
0.00313210487366
0.00305318832397
0.00297403335571
0.00335097312927
0.00308585166931
0.00294399261475
0.00298094749451
0.00308895111084
0.00305914878845
0.00302696228027
0.00304412841797
0.00300192832947
0.0030369758606
0.00318884849548
0.00313997268677
0.00300693511963
0.00308203697205
0.00306487083435
0.00357604026794
0.00314092636108
0.00312519073486
0.0041811466217
0.00310587882996
0.00305485725403
0.00302004814148
0.00309014320374
0.00298714637756
0.0029628276825
0.00304388999939
0.00355696678162
0.00331997871399
0.00308609008789
0.00312805175781
0.00309419631958
0.00452494621277
0.00303483009338
0.00313496589661
0.00306415557861
0.00309109687805
0.00311398506165
0.00308799743652
0.00300598144531
0.0029878616333
0.00309801101685
0.00307321548462
0.00307488441467
0.00310683250427
0.00307393074036
0.00305795669556
0.00312280654907
0.00316214561462
0.00306081771851
0.00346708297729
0.00311517715454
0.00313997268677
0.00477409362793
0.00352191925049
0.00326490402222
0.00315403938293
0.00318622589111
0.00322890281677
0.00302791595459
0.00309205055237
0.00298810005188
0.00338506698608
0.00310587882996
0.0029661655426
0.00294589996338
0.00299787521362
0.00307416915894
0.00299501419067
0.00301194190979
0.00303196907043
0.00307488441467
0.00307202339172
0.00324296951294
0.00309991836548
0.00299620628357
0.00308680534363
0.00303983688354
0.00303602218628
0.00299310684204
0.0029718875885
0.0030951499939
0.00305008888245
0.0031259059906
0.00312113761902
0.00307703018188
0.00307607650757
0.0030210018158
0.00307583808899
0.00331115722656
0.00359082221985
0.00314784049988
0.00329685211182
0.00305318832397
0.00305485725403
0.00330686569214
0.00304293632507
0.00299882888794
0.00314998626709
0.00305700302124
0.00303411483765
0.00302004814148
0.00295901298523
0.00299406051636
0.00318598747253
0.00412702560425
0.00346517562866
0.0031099319458
0.00378108024597
0.00397109985352
0.00326895713806
0.00305795669556
0.00309300422668
0.00309896469116
0.00310611724854
0.00333309173584
0.00320887565613
0.00304198265076
0.0030529499054
0.00307607650757
0.00316309928894
0.00311493873596
0.00296783447266
0.00305318832397
0.00316596031189
0.00301814079285
0.0029981136322
0.00310897827148
0.00304388999939
0.00305485725403
0.00303602218628
0.00311493873596
0.00308895111084
0.00300097465515
0.00300288200378
0.00306415557861
0.00307989120483
0.00304913520813
0.00297999382019
0.00313591957092
0.00399303436279
0.00328493118286
0.0030632019043
0.00313901901245
0.00333309173584
0.00315594673157
0.00314807891846
0.00330495834351
0.0030689239502
0.00311493873596
0.0030529499054
0.00323915481567
0.00316190719604
0.00304293632507
0.0030620098114
0.0030779838562
0.00306296348572
0.00314998626709
0.00303292274475
0.00294303894043
0.00318002700806
0.00310206413269
0.00310897827148
0.00322198867798
0.00307488441467
0.00311088562012
0.00300717353821
0.00322914123535
0.00319314002991
0.00313019752502
0.00305795669556
0.00305604934692
0.00307297706604
0.00310301780701
0.00308108329773
0.00317788124084
0.00311303138733
0.00306701660156
0.00313305854797
0.0031099319458
0.00314497947693
0.00304698944092
0.00312209129333
0.00347495079041
0.00326204299927
0.00315713882446
0.00309586524963
0.00304484367371
0.00336503982544
0.00309586524963
0.00297403335571
0.00320816040039
0.00307416915894
0.00301909446716
0.00300693511963
0.00312805175781
0.0030210018158
0.003014087677
0.00303196907043
0.00312089920044
0.0030210018158
0.00306701660156
0.00299406051636
0.00304985046387
0.00329208374023
0.00313901901245
0.00309705734253
0.00303411483765
0.00316214561462
0.00309109687805
0.00369906425476
0.00319600105286
0.00315594673157
0.00325703620911
0.00318908691406
0.00311994552612
0.00313687324524
0.00328922271729
0.00325489044189
0.00299286842346
0.00304698944092
0.00311088562012
0.00303411483765
0.00307893753052
0.00304985046387
0.00312995910645
0.00311708450317
0.00297713279724
0.00302696228027
0.00306105613708
0.00304007530212
0.00306391716003
0.0030198097229
0.00308394432068
0.00299787521362
0.00301289558411
0.00314402580261
0.00303196907043
0.00306296348572
0.00311207771301
0.00304198265076
0.00329518318176
0.00329303741455
0.00307202339172
0.00307106971741
0.00309896469116
0.00326609611511
0.00305604934692
0.0030951499939
0.00305604934692
0.00302386283875
0.00298309326172
0.00327897071838
0.00311684608459
0.00300002098083
0.00302600860596
0.00305700302124
0.00299596786499
0.00298690795898
0.00303101539612
0.00307989120483
0.00299310684204
0.00300407409668
0.00307488441467
0.0029890537262
0.00301480293274
0.00305199623108
0.00307703018188
0.00302815437317
0.00303101539612
0.0031270980835
0.00306701660156
0.00301909446716
0.00319886207581
0.00313997268677
0.00306487083435
0.00303816795349
0.00303196907043
0.0031521320343
0.00342512130737
0.00324606895447
0.00308203697205
0.00308299064636
0.00308990478516
0.00323987007141
0.00307703018188
0.00301814079285
0.00317597389221
0.00312399864197
0.0031909942627
0.00305008888245
0.00293397903442
0.00308203697205
0.00299501419067
0.00293898582458
0.00293803215027
0.00297594070435
0.00302386283875
0.00310397148132
0.00305795669556
0.00307106971741
0.00304412841797
0.00302481651306
0.00310516357422
0.00327491760254
0.00338506698608
0.00341391563416
0.00305700302124
0.00390005111694
0.00302696228027
0.00327706336975
0.00304508209229
0.00299191474915
0.00301599502563
0.00300288200378
0.00292801856995
0.00304007530212
0.00302004814148
0.0030210018158
0.00300002098083
0.00311398506165
0.00306582450867
0.003014087677
0.00301694869995
0.00301599502563
0.003005027771
0.00311613082886
0.00310397148132
0.003014087677
0.00306510925293
0.00303888320923
0.00309085845947
0.0033860206604
0.00313901901245
0.00312089920044
0.00315403938293
0.00331711769104
0.00328898429871
0.00313997268677
0.00320792198181
0.00315809249878
0.00323987007141
0.00307512283325
0.00304412841797
0.00299715995789
0.00301599502563
0.00295901298523
0.00318312644958
0.00302290916443
0.0029878616333
0.00305700302124
0.00305008888245
0.00301313400269
0.00293397903442
0.00294613838196
0.00306987762451
0.0030460357666
0.0030300617218
0.00324296951294
0.00302791595459
0.00298595428467
0.00300717353821
0.00304007530212
0.00299191474915
0.0030460357666
0.0030460357666
0.00306391716003
0.00312304496765
0.00317120552063
0.00323295593262
0.00307106971741
0.00309491157532
0.00302004814148
0.00304818153381
0.00330185890198
0.00341987609863
0.00311398506165
0.00325798988342
0.00315022468567
0.00312995910645
0.00302696228027
0.00298810005188
0.00307512283325
0.003084897995
0.00327205657959
0.00300788879395
0.00294780731201
0.00305795669556
0.0031111240387
0.00297093391418
0.00293588638306
0.00300979614258
0.00301122665405
0.003005027771
0.00295209884644
0.00326299667358
0.00305104255676
0.00307011604309
0.00316596031189
0.00308299064636
0.00321912765503
0.00358581542969
0.0031111240387
0.00308394432068
0.00303912162781
0.00329899787903
0.00305986404419
0.00300407409668
0.00298094749451
0.00300312042236
0.00302290916443
0.00308609008789
0.00305390357971
0.00311088562012
0.00305604934692
0.00302505493164
0.00325584411621
0.0030357837677
0.00299620628357
0.00302696228027
0.00295400619507
0.00303196907043
0.00306582450867
0.00313091278076
0.00315713882446
0.00315093994141
0.00310611724854
0.00311303138733
0.00307893753052
0.00334095954895
0.00307393074036
0.00310897827148
0.0036940574646
0.00310397148132
0.0031521320343
0.00305509567261
0.00316119194031
0.00327610969543
0.0030300617218
0.00305199623108
0.00305604934692
0.00301599502563
0.00330018997192
0.00303602218628
0.00300788879395
0.0031099319458
0.0030210018158
0.0030210018158
0.00296711921692
0.00301790237427
0.00305986404419
0.00299096107483
0.00294017791748
0.0030689239502
0.00303792953491
0.00296497344971
0.00302410125732
0.00300002098083
0.00301098823547
0.00316500663757
0.00302410125732
0.00305008888245
0.00302505493164
0.00303602218628
0.00306415557861
0.00310802459717
0.00300693511963
0.0030038356781
0.00301504135132
0.00335788726807
0.00329995155334
0.0030460357666
0.0030689239502
0.00301814079285
0.00332808494568
0.00306391716003
0.00300598144531
0.00305581092834
0.00302195549011
0.00318598747253
0.00320816040039
0.00307106971741
0.00299787521362
0.00300908088684
0.00301694869995
0.00302004814148
0.00301694869995
0.00300788879395
0.00304579734802
0.00298810005188
0.0031099319458
0.00311803817749
0.0030951499939
0.00315499305725
0.00308203697205
0.00313901901245
0.00359082221985
0.00310516357422
0.00303387641907
0.00300908088684
0.00309920310974
0.0031270980835
0.00301194190979
0.0029981136322
0.0029890537262
0.00297093391418
0.00300598144531
0.00362396240234
0.00301599502563
0.0030357837677
0.00300192832947
0.00321912765503
0.00306081771851
0.00307512283325
0.00302195549011
0.00302982330322
0.00308895111084
0.00300192832947
0.00302314758301
0.00300788879395
0.00308299064636
0.00308990478516
0.00308895111084
0.00296211242676
0.00303912162781
0.00310277938843
0.00308394432068
0.0035400390625
0.00347590446472
0.00317311286926
0.00312685966492
0.00304388999939
0.00325894355774
0.00304198265076
0.00299596786499
0.00307703018188
0.00303506851196
0.00316500663757
0.00310492515564
0.00306081771851
0.0030620098114
0.00304007530212
0.00299715995789
0.0029399394989
0.00298595428467
0.00307488441467
0.00300598144531
0.0029878616333
0.00324296951294
0.00309109687805
0.00304198265076
0.00304412841797
0.00303292274475
0.00303411483765
0.00302410125732
0.00304198265076
0.00304293632507
0.00305199623108
0.00300598144531
0.00317311286926
0.00316905975342
0.00308108329773
0.00303101539612
0.00301003456116
0.00330114364624
0.00345516204834
0.00315880775452
0.00311398506165
0.00307607650757
0.0032958984375
0.0032479763031
0.00450396537781
0.00311613082886
0.00303196907043
0.00313997268677
0.00308012962341
0.0030689239502
0.00309419631958
0.00301599502563
0.00296592712402
0.00294899940491
0.00304102897644
0.00309300422668
0.00304317474365
0.00301289558411
0.00325298309326
0.00312304496765
0.00308895111084
0.00310587882996
0.00304412841797
0.00327897071838
0.00337982177734
0.00304293632507
0.00311183929443
0.00304913520813
0.00331401824951
0.00303721427917
0.00302290916443
0.00301289558411
0.00299906730652
0.00306105613708
0.00305414199829
0.00296998023987
0.00302505493164
0.00305104255676
0.00303602218628
0.00325584411621
0.00306797027588
0.00313687324524
0.00304818153381
0.00299787521362
0.00305104255676
0.00299882888794
0.00296115875244
0.00301790237427
0.00297594070435
0.00304388999939
0.00320315361023
0.00301003456116
0.00302195549011
0.00310206413269
0.00307106971741
0.00323605537415
0.00328612327576
0.00304794311523
0.00310015678406
0.00306797027588
0.00313997268677
0.00307321548462
0.00303101539612
0.00304007530212
0.00315690040588
0.00313210487366
0.00304412841797
0.00303792953491
0.00299382209778
0.00302004814148
0.00303602218628
0.00299906730652
0.00307703018188
0.00304102897644
0.00302314758301
0.00301790237427
0.00331377983093
0.00307011604309
0.003093957901
0.00303602218628
0.00297904014587
0.00299000740051
0.00310087203979
0.00306487083435
0.00306606292725
0.00310587882996
0.00296401977539
0.00324296951294
0.00306081771851
0.00320601463318
0.00308203697205
0.00298309326172
0.00337409973145
0.00350403785706
0.00314712524414
0.00307011604309
0.00303816795349
0.00316905975342
0.00304317474365
0.00304579734802
0.00304293632507
0.00303101539612
0.00308990478516
0.0031898021698
0.00304317474365
0.00301313400269
0.00297093391418
0.00301694869995
0.00305819511414
0.00297093391418
0.00308418273926
0.00303292274475
0.00299406051636
0.00317311286926
0.00308513641357
0.00306010246277
0.00302600860596
0.00309920310974
0.00309109687805
0.00371909141541
0.00311994552612
0.00307011604309
0.00312995910645
0.00319600105286
0.00309181213379
0.00305604934692
0.00300693511963
0.00302410125732
0.00301194190979
0.00306582450867
0.00301599502563
0.00303912162781
0.00299715995789
0.00300002098083
0.00310206413269
0.00313496589661
0.00305891036987
0.00300288200378
0.00301504135132
0.00310492515564
0.00328516960144
0.00302791595459
0.00294184684753
0.0029730796814
0.00307512283325
0.00298404693604
0.00297212600708
0.00301313400269
0.0031430721283
0.00310492515564
0.00319194793701
0.00311422348022
0.00303983688354
0.00300788879395
0.00314211845398
0.0030779838562
0.00393390655518
0.00468111038208
0.00371503829956
0.00356101989746
0.00339007377625
0.0030300617218
0.00304198265076
0.0030300617218
0.00301909446716
0.00298309326172
0.00303220748901
0.00420594215393
0.00303602218628
0.00297093391418
0.00319504737854
0.00353717803955
0.00397396087646
0.00314497947693
0.00304198265076
0.0030779838562
0.00301694869995
0.00306391716003
0.00300788879395
0.00307679176331
0.00317096710205
0.00308299064636
0.00307297706604
0.00304794311523
0.0030210018158
0.003014087677
0.00338196754456
0.00324487686157
0.0030529499054
0.00297689437866
0.00302910804749
0.00310301780701
0.0030529499054
0.00305104255676
0.00311398506165
0.00307703018188
0.00358605384827
0.00351500511169
0.00303983688354
0.00304102897644
0.00303983688354
0.00304102897644
0.00299096107483
0.00304985046387
0.00306606292725
0.00302290916443
0.00310087203979
0.00335001945496
0.00306797027588
0.00307202339172
0.0030529499054
0.00304913520813
0.00338292121887
0.00327801704407
0.00305414199829
0.00309491157532
0.00304198265076
0.00312995910645
0.00311398506165
0.00303292274475
0.00302004814148
0.00304102897644
0.0030210018158
0.00310897827148
0.00302720069885
0.00302600860596
0.00304007530212
0.00301694869995
0.00327086448669
0.0030529499054
0.00298500061035
0.00300312042236
0.00298690795898
0.00320196151733
0.00307202339172
0.00306582450867
0.00302505493164
0.00297689437866
0.00302791595459
0.00304102897644
0.00307393074036
0.00307202339172
0.00307106971741
0.00306296348572
0.00328707695007
0.00305509567261
0.00303292274475
0.00309801101685
0.00305795669556
0.00341200828552
0.00359392166138
0.0030689239502
0.00311589241028
0.0030210018158
0.00324702262878
0.00313591957092
0.00309801101685
0.00300788879395
0.00304007530212
0.003005027771
0.00307607650757
0.00304007530212
0.00297498703003
0.00299596786499
0.00304818153381
0.00321388244629
0.00307679176331
0.00303196907043
0.00301504135132
0.00304484367371
0.00308012962341
0.00301504135132
0.00305700302124
0.00304222106934
0.00310301780701
0.00311398506165
0.00306010246277
0.00304889678955
0.00301098823547
0.00300598144531
0.00306010246277
0.00360012054443
0.00351881980896
0.0031270980835
0.00303101539612
0.0030791759491
0.00311708450317
0.00312495231628
0.00305485725403
0.0030300617218
0.00304794311523
0.00322103500366
0.00311207771301
0.00304293632507
0.00295519828796
0.00298500061035
0.00304388999939
0.00306510925293
0.00303196907043
0.00301384925842
0.00303506851196
0.00300598144531
0.00354385375977
0.00305008888245
0.00307607650757
0.00303912162781
0.00314903259277
0.00347018241882
0.00354504585266
0.00306916236877
0.00307703018188
0.00311303138733
0.00313901901245
0.00307989120483
0.00311207771301
0.00302982330322
0.00301694869995
0.00363278388977
0.003084897995
0.00308012962341
0.00304794311523
0.00301694869995
0.00321412086487
0.00308799743652
0.00301694869995
0.00302886962891
0.00304913520813
0.00305509567261
0.00327587127686
0.00304388999939
0.00302505493164
0.00304794311523
0.00318288803101
0.00316500663757
0.00310897827148
0.00309491157532
0.00315618515015
0.00368809700012
0.00394320487976
0.0031750202179
0.00327897071838
0.00321698188782
0.00314688682556
0.00351595878601
0.00344586372375
0.00335097312927
0.00468802452087
0.00328707695007
0.00332117080688
0.00415110588074
0.00386905670166
0.00309705734253
0.00313901901245
0.00316405296326
0.00313401222229
0.00307893753052
0.00309491157532
0.00323700904846
0.00319314002991
0.00310611724854
0.00311994552612
0.00315618515015
0.00323700904846
0.00314497947693
0.00318098068237
0.00410008430481
0.00484800338745
0.00317311286926
0.00304818153381
0.00300407409668
0.00304317474365
0.003014087677
0.00329899787903
0.00345993041992
0.00306701660156
0.00304484367371
0.00296688079834
0.0031909942627
0.00311589241028
0.0030529499054
0.00302886962891
0.00300097465515
0.00309109687805
0.00307488441467
0.00301003456116
0.00299596786499
0.00295495986938
0.00294995307922
0.00298190116882
0.00305700302124
0.00440907478333
0.00350904464722
0.00303602218628
0.00320410728455
0.00315499305725
0.00322818756104
0.00372385978699
0.00326013565063
0.00363183021545
0.00315594673157
0.00296306610107
0.00297212600708
0.00306105613708
0.00314092636108
0.0030300617218
0.00309705734253
0.00300884246826
0.00301098823547
0.00312995910645
0.00308203697205
0.00302696228027
0.00300097465515
0.00296020507812
0.00296902656555
0.00297713279724
0.00301694869995
0.00299000740051
0.0030779838562
0.00302505493164
0.00326704978943
0.00311994552612
0.00303506851196
0.00303602218628
0.00299501419067
0.00299596786499
0.00296306610107
0.00304102897644
0.00301599502563
0.0030620098114
0.00314497947693
0.00315022468567
0.00299501419067
0.00307607650757
0.00309205055237
0.00304698944092
0.00344800949097
0.00321102142334
0.00310111045837
0.00308108329773
0.00307703018188
0.00331401824951
0.0030791759491
0.0031590461731
0.00308108329773
0.00299215316772
0.00297689437866
0.00309991836548
0.00300693511963
0.00301480293274
0.00294303894043
0.00301194190979
0.00315284729004
0.00305604934692
0.0029981136322
0.00306510925293
0.00312781333923
0.00311398506165
0.003084897995
0.00304484367371
0.00302004814148
0.00305008888245
0.00309801101685
0.00303292274475
0.0030369758606
0.00298714637756
0.00304698944092
0.00303983688354
0.00329804420471
0.00324010848999
0.00305199623108
0.00298404693604
0.00300908088684
0.00318503379822
0.00306606292725
0.00302386283875
0.003005027771
0.00299596786499
0.00318217277527
0.00326800346375
0.00300908088684
0.00295305252075
0.00297784805298
0.00296902656555
0.00313186645508
0.00329804420471
0.0031840801239
0.00304508209229
0.00307393074036
0.00323104858398
0.00307202339172
0.00302696228027
0.00300002098083
0.00303101539612
0.00306105613708
0.00301909446716
0.003005027771
0.00297403335571
0.00294995307922
0.00303792953491
0.00337600708008
0.00338697433472
0.00307989120483
0.00302600860596
0.00304698944092
0.00329494476318
0.00310516357422
0.00304508209229
0.00298500061035
0.00301790237427
0.00352311134338
0.00306391716003
0.00296092033386
0.00303602218628
0.00308585166931
0.0031099319458
0.00314283370972
0.00306105613708
0.00295090675354
0.00299406051636
0.00297117233276
0.00299406051636
0.00307393074036
0.00313997268677
0.00302314758301
0.00327396392822
0.00340700149536
0.00306415557861
0.0030791759491
0.00300788879395
0.00302410125732
0.00315499305725
0.00331211090088
0.00322198867798
0.00308704376221
0.00312399864197
0.00316596031189
0.00320792198181
0.00304293632507
0.00301480293274
0.00297880172729
0.00304293632507
0.00308299064636
0.00303983688354
0.00301790237427
0.00296592712402
0.00296092033386
0.00324296951294
0.00308799743652
0.0030460357666
0.00303983688354
0.00309896469116
0.00313019752502
0.00314497947693
0.00306606292725
0.0030210018158
0.00299882888794
0.0029821395874
0.00304293632507
0.00302386283875
0.00299286842346
0.00305080413818
0.00301218032837
0.00350499153137
0.00327181816101
0.00308418273926
0.00302791595459
0.00294208526611
0.0031259059906
0.00307989120483
0.0034441947937
0.00316500663757
0.0030620098114
0.00319886207581
0.00307607650757
0.00298309326172
0.00303411483765
0.00301003456116
0.00296807289124
0.00304913520813
0.00310802459717
0.00302004814148
0.00302600860596
0.00301218032837
0.00312614440918
0.00313496589661
0.0030210018158
0.00301289558411
0.00301909446716
0.0030460357666
0.00307011604309
0.00301313400269
0.0029571056366
0.00300812721252
0.00302004814148
0.00314092636108
0.00312995910645
0.00305509567261
0.00331807136536
0.00347709655762
0.00327086448669
0.00367403030396
0.00320792198181
0.00302720069885
0.00296497344971
0.00329613685608
0.00308394432068
0.0030210018158
0.00302910804749
0.00303602218628
0.00315093994141
0.00327205657959
0.00313687324524
0.00304198265076
0.00299787521362
0.0029981136322
0.00301909446716
0.00316596031189
0.00339913368225
0.00296711921692
0.00308990478516
0.00316214561462
0.00309300422668
0.00307083129883
0.00308203697205
0.00298285484314
0.00329899787903
0.00358605384827
0.00315284729004
0.00308799743652
0.00397896766663
0.0044641494751
0.00308990478516
0.0030357837677
0.00308704376221
0.00324606895447
0.003014087677
0.00300908088684
0.00293207168579
0.00294589996338
0.00295805931091
0.00320100784302
0.00317406654358
0.00295400619507
0.00306391716003
0.00310707092285
0.00313711166382
0.00321507453918
0.00306987762451
0.00301194190979
0.00305986404419
0.00300884246826
0.0031681060791
0.00305604934692
0.00301599502563
0.0030038356781
0.00300192832947
0.00334501266479
0.00331616401672
0.00320100784302
0.00319886207581
0.00304388999939
0.00309681892395
0.00321102142334
0.00307083129883
0.00301289558411
0.00299596786499
0.00312209129333
0.00311088562012
0.00305914878845
0.00298595428467
0.00298881530762
0.0030210018158
0.00298404693604
0.00311684608459
0.00299096107483
0.00296401977539
0.00294899940491
0.00315380096436
0.00329780578613
0.00312304496765
0.00311613082886
0.00308108329773
0.00325489044189
0.00312900543213
0.00301790237427
0.00301504135132
0.003014087677
0.00307393074036
0.00303721427917
0.0030210018158
0.00300788879395
0.00296902656555
0.00295805931091
0.00322318077087
0.00355100631714
0.00315117835999
0.00302600860596
0.00304698944092
0.00311899185181
0.00341176986694
0.00300693511963
0.00306010246277
0.00306987762451
0.00315499305725
0.0032479763031
0.00311899185181
0.00313901901245
0.00438284873962
0.00321006774902
0.00306081771851
0.00327205657959
0.00306987762451
0.00305485725403
0.00305891036987
0.0033130645752
0.00331020355225
0.0031418800354
0.00311493873596
0.00310397148132
0.00387811660767
0.00476717948914
0.00411009788513
0.00306606292725
0.00324583053589
0.00315713882446
0.00306510925293
0.00305914878845
0.00321912765503
0.00321483612061
0.00303506851196
0.0030689239502
0.00301814079285
0.00301885604858
0.00304102897644
0.00303101539612
0.0029661655426
0.00296902656555
0.00318908691406
0.00313401222229
0.00316715240479
0.00314092636108
0.00310492515564
0.00311613082886
0.0031521320343
0.00332307815552
0.00310802459717
0.00306797027588
0.00304698944092
0.00304794311523
0.00326991081238
0.00330805778503
0.00318193435669
0.00306606292725
0.00307202339172
0.00312614440918
0.00315403938293
0.00305914878845
0.00304102897644
0.00414800643921
0.00313591957092
0.00312089920044
0.00308394432068
0.00297999382019
0.00301289558411
0.00309801101685
0.00302219390869
0.00301289558411
0.00301098823547
0.00293707847595
0.00297594070435
0.00324416160583
0.00313997268677
0.00301504135132
0.00299882888794
0.00308609008789
0.00302696228027
0.00314593315125
0.00306701660156
0.00297093391418
0.00298309326172
0.00320386886597
0.00345301628113
0.00313401222229
0.00308513641357
0.00308179855347
0.00323295593262
0.00312495231628
0.00304102897644
0.00302600860596
0.00309991836548
0.0030210018158
0.00301814079285
0.00301194190979
0.0029878616333
0.00307297706604
0.00319123268127
0.00357103347778
0.00340604782104
0.00310611724854
0.00328516960144
0.00300192832947
0.00300312042236
0.0030620098114
0.00312209129333
0.00304698944092
0.00295686721802
0.00299596786499
0.00319123268127
0.00323915481567
0.00304198265076
0.00302696228027
0.00301504135132
0.00329089164734
0.00362586975098
0.00312685966492
0.00300002098083
0.00302290916443
0.00308799743652
0.00310277938843
0.00300598144531
0.00296306610107
0.00314807891846
0.00431108474731
0.00309801101685
0.00309109687805
0.00302290916443
0.00306105613708
0.00301814079285
0.00302696228027
0.00302290916443
0.00302195549011
0.00310802459717
0.00308895111084
0.00325393676758
0.00306987762451
0.00303316116333
0.00301003456116
0.00303196907043
0.0030529499054
0.00309801101685
0.00302791595459
0.00295305252075
0.00299000740051
0.00301885604858
0.00364089012146
0.00332307815552
0.00309300422668
0.00303411483765
0.00317907333374
0.00410890579224
0.00310397148132
0.00297808647156
0.00302910804749
0.00309109687805
0.00314784049988
0.00308799743652
0.00301194190979
0.00304102897644
0.0030210018158
0.00307393074036
0.00303411483765
0.00303888320923
0.00305795669556
0.00308990478516
0.00314998626709
0.00322794914246
0.0030529499054
0.00338006019592
0.00304913520813
0.00436592102051
0.00349998474121
0.0031099319458
0.00301218032837
0.00304293632507
0.00340604782104
0.00436282157898
0.00349712371826
0.00313591957092
0.00302791595459
0.0033540725708
0.00300884246826
0.00293707847595
0.00299692153931
0.00295305252075
0.00308394432068
0.00324511528015
0.00307512283325
0.00302791595459
0.00302910804749
0.00306105613708
0.00318813323975
0.00298714637756
0.00298500061035
0.00309300422668
0.00301289558411
0.003084897995
0.00305008888245
0.00298690795898
0.003005027771
0.00299000740051
0.00303602218628
0.00314807891846
0.0030779838562
0.00350594520569
0.00363898277283
0.00317692756653
0.00372004508972
0.00324583053589
0.00313091278076
0.00300884246826
0.00315809249878
0.00312900543213
0.00306296348572
0.00294184684753
0.00300693511963
0.00302791595459
0.00312900543213
0.00307393074036
0.0030038356781
0.00317788124084
0.00306487083435
0.00299882888794
0.00304889678955
0.00300788879395
0.00309419631958
0.00305390357971
0.00305390357971
0.00308704376221
0.00300407409668
0.00301694869995
0.00299596786499
0.00299000740051
0.00300884246826
0.00325608253479
0.00299501419067
0.00293588638306
0.00302886962891
0.00322794914246
0.00387597084045
0.00313496589661
0.00307297706604
0.00305485725403
0.00318193435669
0.00357103347778
0.00298810005188
0.00295495986938
0.00301909446716
0.00316095352173
0.003093957901
0.00299501419067
0.00296592712402
0.00297904014587
0.00300312042236
0.00302600860596
0.00296306610107
0.00301313400269
0.00311899185181
0.00304198265076
0.00308609008789
0.00308203697205
0.00303101539612
0.00297093391418
0.00305700302124
0.00305795669556
0.00320506095886
0.00305485725403
0.00301790237427
0.00301098823547
0.00304985046387
0.00334596633911
0.00353217124939
0.00316309928894
0.00307106971741
0.00312089920044
0.00319504737854
0.00308609008789
0.00303292274475
0.00303196907043
0.00311088562012
0.00303792953491
0.00307106971741
0.00300908088684
0.00301003456116
0.00299501419067
0.00304913520813
0.00313687324524
0.00311517715454
0.00308299064636
0.00302600860596
0.00303983688354
0.0030620098114
0.00304222106934
0.00303602218628
0.0030210018158
0.00310492515564
0.00305986404419
0.00321698188782
0.00302410125732
0.00296497344971
0.00302886962891
0.00300693511963
0.00329518318176
0.00328803062439
0.00312995910645
0.00310111045837
0.00312900543213
0.00314807891846
0.00305700302124
0.00298619270325
0.00296020507812
0.00307512283325
0.00325298309326
0.0042130947113
0.00319409370422
0.00356292724609
0.00313591957092
0.00321888923645
0.00458598136902
0.00360894203186
0.00361084938049
0.00334191322327
0.00309014320374
0.00303983688354
0.00299000740051
0.00309801101685
0.00311207771301
0.00308990478516
0.00307989120483
0.00307202339172
0.00296998023987
0.00300908088684
0.0033860206604
0.00326490402222
0.00307488441467
0.00309300422668
0.00303816795349
0.00329184532166
0.00308299064636
0.00305104255676
0.0029890537262
0.00306105613708
0.00314903259277
0.00319004058838
0.00299692153931
0.00301313400269
0.00307893753052
0.00311779975891
0.00302004814148
0.00299286842346
0.00301098823547
0.0030038356781
0.00303816795349
0.00315189361572
0.00309491157532
0.003005027771
0.00295901298523
0.00334286689758
0.00309991836548
0.00351405143738
0.00304889678955
0.0030369758606
0.00306296348572
0.00307488441467
0.00331497192383
0.00383496284485
0.0051441192627
0.00391697883606
0.00319719314575
0.00304293632507
0.00294589996338
0.00303411483765
0.00302886962891
0.00302600860596
0.00305700302124
0.00304818153381
0.00301599502563
0.00301003456116
0.00332808494568
0.0031111240387
0.00302791595459
0.00306701660156
0.00307202339172
0.00304913520813
0.00305008888245
0.00297808647156
0.0029308795929
0.00310897827148
0.00302600860596
0.00331401824951
0.00414681434631
0.0039849281311
0.00350499153137
0.00326299667358
0.00364518165588
0.00305986404419
0.00298285484314
0.00311589241028
0.00327205657959
0.00331711769104
0.00307893753052
0.00290513038635
0.00299501419067
0.00311613082886
0.00309610366821
0.00291609764099
0.00293302536011
0.00304985046387
0.00317692756653
0.0031418800354
0.00400996208191
0.00362992286682
0.00328803062439
0.00313591957092
0.00313496589661
0.00304985046387
0.00287294387817
0.00292587280273
0.00300288200378
0.0029718875885
0.00303506851196
0.00454902648926
0.00393891334534
0.00399398803711
0.00360798835754
0.0031578540802
0.00294804573059
0.00298190116882
0.00303721427917
0.00361108779907
0.00320601463318
0.00300312042236
0.00309610366821
0.00302696228027
0.00326919555664
0.00398397445679
0.00359606742859
0.00320816040039
0.00308799743652
0.00321292877197
0.0029878616333
0.00295209884644
0.00298881530762
0.00301694869995
0.00295686721802
0.00295305252075
0.0029149055481
0.0029239654541
0.00307106971741
0.00304818153381
0.00313496589661
0.00301098823547
0.00294899940491
0.00313401222229
0.0030210018158
0.00353002548218
0.00353002548218
0.00310111045837
0.00315403938293
0.00387907028198
0.00317192077637
0.00302886962891
0.00297021865845
0.00305795669556
0.00304102897644
0.00294995307922
0.00312399864197
0.0044059753418
0.00366401672363
0.00314617156982
0.00326800346375
0.00340604782104
0.00295186042786
0.00312113761902
0.00312614440918
0.00306606292725
0.00304698944092
0.00304698944092
0.0029981136322
0.00303101539612
0.00324487686157
0.00303602218628
0.00309777259827
0.00299382209778
0.00303483009338
0.00294899940491
0.00318002700806
0.0035560131073
0.00305390357971
0.00306820869446
0.0030620098114
0.00339221954346
0.00297594070435
0.0029079914093
0.00311613082886
0.00434803962708
0.00408697128296
0.00341081619263
0.00320291519165
0.00304412841797
0.0029878616333
0.00292587280273
0.00301504135132
0.00299406051636
0.00300312042236
0.00321197509766
0.0042839050293
0.00394296646118
0.00339698791504
0.00336694717407
0.00302004814148
0.00307297706604
0.00307583808899
0.00303411483765
0.003005027771
0.00297093391418
0.00326919555664
0.00304889678955
0.00301599502563
0.00299882888794
0.00312113761902
0.00407695770264
0.0034499168396
0.00303483009338
0.00303792953491
0.00298094749451
0.00330400466919
0.00350785255432
0.00310206413269
0.0029468536377
0.00310897827148
0.00330519676208
0.00309610366821
0.00287485122681
0.00301313400269
0.00305795669556
0.00326991081238
0.00306296348572
0.003005027771
0.00307989120483
0.00445985794067
0.00397896766663
0.00301599502563
0.00308108329773
0.00334906578064
0.00459694862366
0.00413918495178
0.00321292877197
0.00308680534363
0.00309300422668
0.00303411483765
0.00325298309326
0.00294208526611
0.00288200378418
0.00332403182983
0.00445413589478
0.00393199920654
0.0035548210144
0.00318598747253
0.0029308795929
0.00303411483765
0.00311589241028
0.003014087677
0.00301694869995
0.00327801704407
0.00304698944092
0.00293612480164
0.00298094749451
0.00294494628906
0.00294518470764
0.00294804573059
0.00327301025391
0.0042040348053
0.00426697731018
0.00379490852356
0.00338196754456
0.00365805625916
0.00320100784302
0.00311017036438
0.00309991836548
0.00308799743652
0.00304412841797
0.00296688079834
0.00299310684204
0.00303602218628
0.00304508209229
0.00457811355591
0.00398516654968
0.00352215766907
0.00315189361572
0.00294089317322
0.0029878616333
0.00304412841797
0.00321197509766
0.00431084632874
0.00393080711365
0.00306701660156
0.00295186042786
0.00298285484314
0.00308799743652
0.0029571056366
0.00297784805298
0.00300002098083
0.0030210018158
0.00300002098083
0.00302410125732
0.00395488739014
0.0030689239502
0.00303506851196
0.00327396392822
0.00464916229248
0.00472092628479
0.0034658908844
0.003173828125
0.00298500061035
0.00321793556213
0.0030369758606
0.00300002098083
0.00314617156982
0.00314092636108
0.00312399864197
0.00302290916443
0.00299096107483
0.00330591201782
0.0045211315155
0.00300884246826
0.00298595428467
0.00293111801147
0.00304985046387
0.00317287445068
0.00351500511169
0.00316596031189
0.00319194793701
0.00324678421021
0.00306010246277
0.00305414199829
0.00339198112488
0.00322198867798
0.00308108329773
0.00312280654907
0.0031361579895
0.00314784049988
0.00297594070435
0.00287485122681
0.00314402580261
0.00456309318542
0.00369715690613
0.00365114212036
0.00323987007141
0.00309109687805
0.00310301780701
0.00308394432068
0.003014087677
0.00294494628906
0.00310683250427
0.00344896316528
0.00458478927612
0.00400304794312
0.0039849281311
0.00361585617065
0.0031909942627
0.00297594070435
0.00308108329773
0.00309896469116
0.00306487083435
0.00345802307129
0.00329089164734
0.00317001342773
0.00309991836548
0.00301694869995
0.0031201839447
0.00299715995789
0.00308799743652
0.00304007530212
0.00297498703003
0.00334501266479
0.00305795669556
0.00297403335571
0.00300812721252
0.00300288200378
0.00292611122131
0.00292706489563
0.00300002098083
0.00301814079285
0.00304102897644
0.00301814079285
0.003005027771
0.00304293632507
0.0029628276825
0.00323700904846
0.0045280456543
0.00393915176392
0.00370001792908
0.00393891334534
0.00367093086243
0.0033700466156
0.00316596031189
0.00306987762451
0.00305390357971
0.00301694869995
0.00303792953491
0.00337409973145
0.0033130645752
0.00301909446716
0.0030791759491
0.00305485725403
0.00311803817749
0.00298690795898
0.00306606292725
0.00321197509766
0.00314807891846
0.0035560131073
0.00308203697205
0.00295805931091
0.00309491157532
0.00304412841797
0.00294494628906
0.0029821395874
0.00293684005737
0.00318789482117
0.00332307815552
0.00477600097656
0.00401997566223
0.00364112854004
0.00381302833557
0.00344204902649
0.00365495681763
0.00315880775452
0.00309300422668
0.00305891036987
0.00307989120483
0.00316786766052
0.00294399261475
0.00302815437317
0.00322890281677
0.00419616699219
0.00388884544373
0.00354886054993
0.00318813323975
0.00298404693604
0.00334501266479
0.00303506851196
0.00296592712402
0.00297498703003
0.00309419631958
0.00473308563232
0.00398993492126
0.00369215011597
0.0033597946167
0.00300002098083
0.00292611122131
0.00296187400818
0.00306081771851
0.00306296348572
0.00300598144531
0.00343680381775
0.00506186485291
0.00380396842957
0.00307488441467
0.00317811965942
0.00304985046387
0.00299596786499
0.00303792953491
0.00308680534363
0.00296497344971
0.00340390205383
0.00307703018188
0.00301814079285
0.00304913520813
0.00302505493164
0.00297904014587
0.0029718875885
0.00311088562012
0.00447511672974
0.00394296646118
0.00374603271484
0.0033700466156
0.00336503982544
0.00302696228027
0.0030300617218
0.00298976898193
0.00296688079834
0.00301599502563
0.00446891784668
0.00377583503723
0.0038378238678
0.00311303138733
0.00302815437317
0.00326180458069
0.0044310092926
0.00421595573425
0.00366711616516
0.00325894355774
0.00302720069885
0.00317788124084
0.00301003456116
0.00297904014587
0.00306010246277
0.00304794311523
0.00335597991943
0.00310087203979
0.00302600860596
0.00306105613708
0.00304508209229
0.00297403335571
0.0029079914093
0.00291514396667
0.00305104255676
0.00303912162781
0.00296092033386
0.00338888168335
0.00427198410034
0.00333189964294
0.00307989120483
0.00294995307922
0.00338196754456
0.00340700149536
0.0031750202179
0.0030689239502
0.00307202339172
0.00309419631958
0.00304698944092
0.00311398506165
0.00303506851196
0.00297284126282
0.00299787521362
0.00293779373169
0.00294995307922
0.00298404693604
0.00293397903442
0.00290608406067
0.00312113761902
0.00300693511963
0.00299692153931
0.00312495231628
0.0044150352478
0.00418496131897
0.00339889526367
0.00313305854797
0.00304198265076
0.00322604179382
0.00303816795349
0.00319695472717
0.003497838974
0.00315284729004
0.00309705734253
0.00378012657166
0.00317406654358
0.0031909942627
0.00306415557861
0.00298810005188
0.00310015678406
0.00300598144531
0.0030472278595
0.00301313400269
0.00291514396667
0.00313115119934
0.00297999382019
0.00303411483765
0.00292801856995
0.00297999382019
0.00295090675354
0.00301098823547
0.00316095352173
0.00394582748413
0.00316381454468
0.00300812721252
0.00316190719604
0.00298690795898
0.00301289558411
0.00297808647156
0.00302886962891
0.00297594070435
0.00297617912292
0.00300288200378
0.0030779838562
0.00296902656555
0.00329899787903
0.00400519371033
0.00313687324524
0.00310802459717
0.00295090675354
0.00318193435669
0.00358510017395
0.00313591957092
0.00305795669556
0.00298309326172
0.00344491004944
0.00306391716003
0.00302195549011
0.00300192832947
0.00306010246277
0.00308585166931
0.00316500663757
0.00299310684204
0.00318193435669
0.0046079158783
0.00395011901855
0.00357604026794
0.00331497192383
0.00331711769104
0.00303101539612
0.00306105613708
0.00303792953491
0.00295400619507
0.00304412841797
0.0030369758606
0.00305986404419
0.00344705581665
0.00330781936646
0.00311994552612
0.00310707092285
0.00299787521362
0.00324583053589
0.00302481651306
0.00298595428467
0.00301814079285
0.00318598747253
0.00454592704773
0.00391888618469
0.00347900390625
0.00321102142334
0.00303292274475
0.00299286842346
0.00305390357971
0.00307393074036
0.00307202339172
0.00298190116882
0.00312900543213
0.00302505493164
0.00299191474915
0.00297713279724
0.00290989875793
0.00296401977539
0.00287795066833
0.00292682647705
0.00301504135132
0.0030210018158
0.0029890537262
0.00307512283325
0.00300312042236
0.0031681060791
0.00452709197998
0.00408411026001
0.00333285331726
0.00362300872803
0.00349593162537
0.00332713127136
0.00318288803101
0.00313401222229
0.00303816795349
0.00297904014587
0.00294709205627
0.00297784805298
0.00299882888794
0.00297689437866
0.00334811210632
0.00455403327942
0.00404500961304
0.00452089309692
0.00396203994751
0.00356984138489
0.00349092483521
0.00310301780701
0.00296187400818
0.00310397148132
0.00303101539612
0.00311493873596
0.00302314758301
0.00298690795898
0.00304412841797
0.00299406051636
0.00299692153931
0.00458812713623
0.00398111343384
0.00364995002747
0.00320315361023
0.00309896469116
0.00322699546814
0.00300979614258
0.00305104255676
0.00295996665955
0.00293016433716
0.00308609008789
0.00305485725403
0.00302600860596
0.00297594070435
0.00292992591858
0.00293302536011
0.00308108329773
0.00452494621277
0.0039370059967
0.00352692604065
0.00393009185791
0.00622391700745
0.00324606895447
0.00322079658508
0.00406694412231
0.00326108932495
0.00331807136536
0.00334095954895
0.00357007980347
0.00328588485718
0.00328302383423
0.00322604179382
0.00330281257629
0.00354909896851
0.00316882133484
0.00323104858398
0.00321197509766
0.00311708450317
0.00296211242676
0.00355291366577
0.00326013565063
0.00315284729004
0.00300002098083
0.00372290611267
0.00315499305725
0.00437998771667
0.0030620098114
0.00302290916443
0.00357508659363
0.00445985794067
0.00374698638916
0.00359702110291
0.00335502624512
0.00305509567261
0.00331997871399
0.00308704376221
0.00304198265076
0.0030038356781
0.00379014015198
0.00440001487732
0.00311088562012
0.00292420387268
0.00341796875
0.00447702407837
0.00392985343933
0.00349092483521
0.00313401222229
0.00302600860596
0.0029878616333
0.00300312042236
0.00300598144531
0.00302696228027
0.00310397148132
0.00304508209229
0.00293922424316
0.00296783447266
0.00300002098083
0.00311207771301
0.00304007530212
0.00295901298523
0.00293207168579
0.00305604934692
0.00314402580261
0.00344896316528
0.00315880775452
0.00309705734253
0.00301694869995
0.00305604934692
0.00310301780701
0.00303888320923
0.00296878814697
0.0029718875885
0.00298190116882
0.00296998023987
0.00293207168579
0.00298500061035
0.00313401222229
0.00295400619507
0.00293684005737
0.00311994552612
0.00456595420837
0.00397777557373
0.00365090370178
0.00319504737854
0.00303196907043
0.00305795669556
0.00296902656555
0.00291013717651
0.00294995307922
0.0032958984375
0.00305199623108
0.00301480293274
0.0032172203064
0.00325512886047
0.00405311584473
0.00376009941101
0.00312995910645
0.00306487083435
0.00320196151733
0.00305008888245
0.00309491157532
0.00300788879395
0.00295209884644
0.00298810005188
0.00315284729004
0.00306010246277
0.0029411315918
0.00292587280273
0.00302219390869
0.00297904014587
0.00290989875793
0.00327897071838
0.00453996658325
0.00396299362183
0.0040500164032
0.00366401672363
0.0032320022583
0.00295400619507
0.00293493270874
0.00298690795898
0.00294399261475
0.00301003456116
0.00304198265076
0.00296711921692
0.00337195396423
0.00300002098083
0.00312113761902
0.00301289558411
0.00294709205627
0.00300002098083
0.00348210334778
0.00318098068237
0.00310397148132
0.00296592712402
0.0029399394989
0.00305604934692
0.00299692153931
0.00296020507812
0.00292801856995
0.00289297103882
0.00301003456116
0.00295495986938
0.00305199623108
0.00295400619507
0.00292301177979
0.00292205810547
0.00335097312927
0.00318193435669
0.00410914421082
0.00388312339783
0.00347781181335
0.00336289405823
0.00303912162781
0.00295209884644
0.00311613082886
0.00315999984741
0.00343585014343
0.00321006774902
0.00307583808899
0.00307893753052
0.00311017036438
0.00321316719055
0.00302886962891
0.00294280052185
0.00294589996338
0.00292587280273
0.00301384925842
0.00302386283875
0.00304198265076
0.00330710411072
0.00300908088684
0.00329613685608
0.00303196907043
0.00303387641907
0.00299382209778
0.00292801856995
0.00296115875244
0.00301003456116
0.00300598144531
0.00297093391418
0.0029411315918
0.0029399394989
0.0032160282135
0.00411605834961
0.00377321243286
0.00331902503967
0.00306105613708
0.00397515296936
0.0047299861908
0.00393199920654
0.00328803062439
0.00340104103088
0.00310897827148
0.00301885604858
0.00294494628906
0.00308012962341
0.00314092636108
0.0030689239502
0.00299310684204
0.00314211845398
0.00453996658325
0.00392317771912
0.0035719871521
0.00323891639709
0.00302886962891
0.00287699699402
0.00323486328125
0.00439500808716
0.00394606590271
0.00342702865601
0.00308585166931
0.00297498703003
0.00300788879395
0.00299119949341
0.00303721427917
0.00294899940491
0.00321984291077
0.00317692756653
0.0030689239502
0.0029890537262
0.00305581092834
0.00479888916016
0.00317311286926
0.00299596786499
0.00299906730652
0.00298810005188
0.00318312644958
0.00307202339172
0.00304508209229
0.00296688079834
0.00295400619507
0.00312209129333
0.00300908088684
0.00303292274475
0.00292897224426
0.00295996665955
0.00290513038635
0.00306391716003
0.0029571056366
0.00299596786499
0.00302910804749
0.00299787521362
0.0033700466156
0.00304102897644
0.00301313400269
0.00286412239075
0.00333905220032
0.0048828125
0.00431704521179
0.00358319282532
0.00326800346375
0.00318694114685
0.00306391716003
0.00302386283875
0.0029308795929
0.00291204452515
0.00298118591309
0.00292420387268
0.00307893753052
0.00458407402039
0.003014087677
0.00293207168579
0.00314998626709
0.003249168396
0.00459504127502
0.00392889976501
0.00358200073242
0.00321507453918
0.00295615196228
0.00319480895996
0.004558801651
0.00405597686768
0.00364279747009
0.00321197509766
0.00307512283325
0.00306487083435
0.00334191322327
0.00313997268677
0.00300192832947
0.00301909446716
0.00304913520813
0.00326895713806
0.00306391716003
0.00301909446716
0.00300407409668
0.00303077697754
0.00305104255676
0.0030882358551
0.00297594070435
0.00295305252075
0.00296902656555
0.00300312042236
0.00294995307922
0.00304198265076
0.00319504737854
0.00437998771667
0.00412797927856
0.00400400161743
0.00347399711609
0.00317692756653
0.0029411315918
0.00295400619507
0.00307893753052
0.00301599502563
0.00302696228027
0.00305891036987
0.0043089389801
0.00312900543213
0.00307106971741
0.00299715995789
0.00307393074036
0.00312495231628
0.00350785255432
0.00398993492126
0.00307893753052
0.00299692153931
0.00318789482117
0.00367188453674
0.0031430721283
0.00308394432068
0.00301098823547
0.0031840801239
0.00318312644958
0.00324296951294
0.0045759677887
0.00392413139343
0.00380802154541
0.00455498695374
0.00369882583618
0.00357794761658
0.00356197357178
0.00302720069885
0.00294589996338
0.00289607048035
0.00309205055237
0.00349807739258
0.00338220596313
0.00435018539429
0.00422501564026
0.00411915779114
0.00338101387024
0.00298285484314
0.00293779373169
0.00317406654358
0.00454998016357
0.0039370059967
0.0035719871521
0.00318598747253
0.00294208526611
0.00319194793701
0.00309610366821
0.00303602218628
0.00297403335571
0.00298190116882
0.00309014320374
0.00447297096252
0.00301313400269
0.00291109085083
0.00296783447266
0.00316190719604
0.0046558380127
0.00394296646118
0.00352001190186
0.00317287445068
0.00380516052246
0.00312805175781
0.00298619270325
0.00301194190979
0.00294017791748
0.00297713279724
0.00297999382019
0.00300812721252
0.00303792953491
0.00302696228027
0.00339698791504
0.0039689540863
0.0039541721344
0.00334215164185
0.00304818153381
0.00294589996338
0.00305485725403
0.00299692153931
0.00303602218628
0.00309205055237
0.00330400466919
0.00383186340332
0.00407791137695
0.00387096405029
0.00336813926697
0.00341200828552
0.00326418876648
0.00311279296875
0.00316214561462
0.00319600105286
0.00329804420471
0.00446796417236
0.00407695770264
0.00342512130737
0.00364303588867
0.00338697433472
0.00315308570862
0.00316882133484
0.00316715240479
0.0032069683075
0.00309491157532
0.00453305244446
0.00393605232239
0.00363516807556
0.00335693359375
0.00300192832947
0.00290894508362
0.00295495986938
0.00295805931091
0.00306487083435
0.00296688079834
0.00296092033386
0.0030210018158
0.0029468536377
0.00325489044189
0.00419998168945
0.00393080711365
0.00331401824951
0.00317788124084
0.00302219390869
0.00303316116333
0.00294589996338
0.00293207168579
0.00293207168579
0.00333786010742
0.00466704368591
0.00399208068848
0.00340414047241
0.00324082374573
0.00307703018188
0.00296401977539
0.00291991233826
0.00302195549011
0.00328898429871
0.00461506843567
0.0039529800415
0.00351405143738
0.00316905975342
0.00306582450867
0.00299501419067
0.00289082527161
0.00287199020386
0.00292706489563
0.00300693511963
0.00327205657959
0.00295615196228
0.00294899940491
0.00307011604309
0.00316596031189
0.00330400466919
0.00306701660156
0.00298500061035
0.00292706489563
0.00299501419067
0.00344300270081
0.00468111038208
0.00398397445679
0.00336909294128
0.00339198112488
0.00305891036987
0.00300002098083
0.0029821395874
0.00293397903442
0.00306105613708
0.00298404693604
0.00305104255676
0.003005027771
0.00298690795898
0.00294399261475
0.00341510772705
0.00440692901611
0.00393199920654
0.00342106819153
0.00316095352173
0.00307106971741
0.00298881530762
0.00293493270874
0.00325703620911
0.00392699241638
0.00377511978149
0.00316476821899
0.00367784500122
0.00322294235229
0.00308203697205
0.00481200218201
0.00314116477966
0.0030460357666
0.00304198265076
0.00333905220032
0.0030210018158
0.00292897224426
0.00302410125732
0.00300002098083
0.00302696228027
0.00339293479919
0.00454902648926
0.00393295288086
0.00356793403625
0.00318884849548
0.00294399261475
0.00292301177979
0.00302219390869
0.00296115875244
0.00312209129333
0.00314807891846
0.00433802604675
0.00396490097046
0.0035548210144
0.00334286689758
0.00302696228027
0.00299596786499
0.00295209884644
0.00294709205627
0.00332713127136
0.00493717193604
0.00398087501526
0.00351285934448
0.00354504585266
0.00311684608459
0.00297284126282
0.00292301177979
0.00300908088684
0.00327801704407
0.00456404685974
0.00392603874207
0.00352811813354
0.00320100784302
0.0030369758606
0.00302195549011
0.00294494628906
0.00289607048035
0.00295186042786
0.00301098823547
0.00303411483765
0.00296020507812
0.00304198265076
0.00300598144531
0.00300717353821
0.00336694717407
0.00302600860596
0.0029890537262
0.00297379493713
0.0030369758606
0.00346112251282
0.00320196151733
0.00302386283875
0.00306606292725
0.0037579536438
0.00386905670166
0.00321698188782
0.00301814079285
0.00298190116882
0.00294303894043
0.00325703620911
0.00407004356384
0.00306606292725
0.00297498703003
0.00290012359619
0.00328493118286
0.00310802459717
0.00295615196228
0.00295901298523
0.00291681289673
0.00294589996338
0.00302600860596
0.00300693511963
0.00294613838196
0.00289106369019
0.00308108329773
0.00392699241638
0.00403094291687
0.00355696678162
0.00315499305725
0.00318503379822
0.00345396995544
0.00312495231628
0.0030369758606
0.00301289558411
0.00299692153931
0.00310897827148
0.00298094749451
0.00291705131531
0.00312089920044
0.0045759677887
0.004065990448
0.00395703315735
0.00365090370178
0.00452280044556
0.00396800041199
0.00356411933899
0.00320982933044
0.00292778015137
0.00299692153931
0.00312805175781
0.00298309326172
0.00293612480164
0.0029628276825
0.00316309928894
0.00329399108887
0.00303387641907
0.00291991233826
0.00292491912842
0.00294208526611
0.00358700752258
0.00336003303528
0.00312495231628
0.0030198097229
0.00297999382019
0.00351595878601
0.00349402427673
0.00355792045593
0.00321388244629
0.00408983230591
0.00330185890198
0.00310397148132
0.00303912162781
0.00296711921692
0.00302696228027
0.00316882133484
0.00307488441467
0.00296998023987
0.0029079914093
0.00299692153931
0.00300598144531
0.00296807289124
0.00294303894043
0.00321197509766
0.00405192375183
0.00365495681763
0.00310301780701
0.00298500061035
0.00294804573059
0.00296306610107
0.0030529499054
0.00331401824951
0.00348997116089
0.00302982330322
0.00299906730652
0.00304889678955
0.00341820716858
0.00300788879395
0.00301504135132
0.00295996665955
0.00299596786499
0.00317788124084
0.00401401519775
0.00301218032837
0.00297999382019
0.00294184684753
0.00329899787903
0.00453305244446
0.00391817092896
0.0035080909729
0.00315713882446
0.00300788879395
0.0029411315918
0.00289988517761
0.00285887718201
0.00297594070435
0.00329494476318
0.00456595420837
0.00385808944702
0.00355100631714
0.00340509414673
0.00365090370178
0.00316095352173
0.00309109687805
0.00305008888245
0.00309705734253
0.00319504737854
0.00299096107483
0.00303387641907
0.00305104255676
0.00301718711853
0.00342488288879
0.00421905517578
0.0038800239563
0.00331211090088
0.00307083129883
0.00298500061035
0.00307893753052
0.00309014320374
0.00318384170532
0.0030300617218
0.00315999984741
0.00294184684753
0.00302219390869
0.00293588638306
0.00292706489563
0.00314593315125
0.0030529499054
0.00296998023987
0.00293612480164
0.00293803215027
0.00304079055786
0.00340986251831
0.00444293022156
0.00402498245239
0.0036609172821
0.00349402427673
0.00337696075439
0.00308322906494
0.00300693511963
0.00296807289124
0.00315690040588
0.00306415557861
0.00290489196777
0.0029571056366
0.00305700302124
0.00427508354187
0.0041389465332
0.00361394882202
0.00334191322327
0.00318503379822
0.00299596786499
0.00289988517761
0.00292110443115
0.00317978858948
0.00444793701172
0.0040590763092
0.00397109985352
0.00360703468323
0.00322484970093
0.0033540725708
0.00354099273682
0.0030472278595
0.00295901298523
0.00312113761902
0.00350213050842
0.00299596786499
0.003005027771
0.00296497344971
0.00298404693604
0.00318503379822
0.00394916534424
0.00393080711365
0.00369596481323
0.00332593917847
0.00366687774658
0.00303602218628
0.00304794311523
0.00297904014587
0.0029981136322
0.00307607650757
0.00300407409668
0.00292301177979
0.00295400619507
0.0032069683075
0.00314903259277
0.00313806533813
0.00308394432068
0.00305008888245
0.00298714637756
0.00301384925842
0.00341391563416
0.00358295440674
0.00304198265076
0.00305199623108
0.00300097465515
0.00318098068237
0.00307893753052
0.00302004814148
0.00313711166382
0.00304794311523
0.00315380096436
0.0032799243927
0.00308108329773
0.00308799743652
0.00308799743652
0.00299906730652
0.0029981136322
0.00302886962891
0.00304985046387
0.00304102897644
0.00297999382019
0.00309109687805
0.0029718875885
0.00296378135681
0.00293207168579
0.00308203697205
0.00301384925842
0.00307893753052
0.00303101539612
0.00288891792297
0.00290703773499
0.0029981136322
0.00351715087891
0.00485897064209
0.00401902198792
0.00349617004395
0.00324892997742
0.00313091278076
0.00306105613708
0.00289392471313
0.0029890537262
0.00343608856201
0.00465512275696
0.00393795967102
0.00350499153137
0.00314903259277
0.00312304496765
0.00303292274475
0.00325512886047
0.00452184677124
0.00300979614258
0.0029399394989
0.00290489196777
0.00299000740051
0.0039849281311
0.00353789329529
0.00327181816101
0.00299096107483
0.00290894508362
0.00303816795349
0.00300908088684
0.00327396392822
0.00346493721008
0.00306391716003
0.00311803817749
0.003093957901
0.00339317321777
0.00308609008789
0.00305080413818
0.00306701660156
0.00301504135132
0.00310683250427
0.00307893753052
0.00302410125732
0.00291705131531
0.00294280052185
0.00303316116333
0.00316286087036
0.00293684005737
0.00317811965942
0.00447797775269
0.00305795669556
0.0030210018158
0.00294303894043
0.00289416313171
0.00292086601257
0.00310206413269
0.00456404685974
0.00405502319336
0.00399112701416
0.00338006019592
0.0033860206604
0.00456094741821
0.00404596328735
0.00362110137939
0.00350713729858
0.00309896469116
0.00302720069885
0.00303983688354
0.00300288200378
0.00321912765503
0.00450110435486
0.00395083427429
0.00336194038391
0.0030689239502
0.003014087677
0.00295686721802
0.00302410125732
0.00301814079285
0.00299096107483
0.00310397148132
0.00306797027588
0.00296187400818
0.00294995307922
0.00295901298523
0.00302195549011
0.00311207771301
0.0030300617218
0.00293207168579
0.00286412239075
0.00316381454468
0.00342607498169
0.00310802459717
0.00304698944092
0.00297808647156
0.00307703018188
0.00399684906006
0.00332999229431
0.00313591957092
0.00308418273926
0.00304818153381
0.00348210334778
0.00353193283081
0.00312900543213
0.00297594070435
0.00310301780701
0.0031042098999
0.00309109687805
0.00300693511963
0.00296497344971
0.00296401977539
0.00297403335571
0.00300002098083
0.00292801856995
0.00297117233276
0.003005027771
0.00302815437317
0.00325107574463
0.00307202339172
0.00321984291077
0.00391888618469
0.00397181510925
0.00404906272888
0.00332283973694
0.00318002700806
0.00335597991943
0.00322198867798
0.00333499908447
0.00311708450317
0.00301814079285
0.00298094749451
0.00318694114685
0.00341892242432
0.00305891036987
0.00300693511963
0.00304198265076
0.00326704978943
0.00449705123901
0.00424599647522
0.00452399253845
0.0031430721283
0.00371885299683
0.00327181816101
0.0030791759491
0.00298118591309
0.0032160282135
0.00405812263489
0.0030529499054
0.00293707847595
0.00301384925842
0.00302600860596
0.00325608253479
0.00470614433289
0.00317597389221
0.00305700302124
0.00301790237427
0.00410509109497
0.00309610366821
0.00301599502563
0.00305795669556
0.0031909942627
0.00414299964905
0.003821849823
0.00328922271729
0.00305891036987
0.00301194190979
0.00294995307922
0.00298810005188
0.00292992591858
0.00298619270325
0.00294899940491
0.00330901145935
0.00424003601074
0.0039119720459
0.00332403182983
0.00312304496765
0.0030689239502
0.00299406051636
0.00292587280273
0.00292587280273
0.00310015678406
0.0046010017395
0.00364398956299
0.00369095802307
0.00326704978943
0.00308799743652
0.00337219238281
0.00330901145935
0.00302004814148
0.00312614440918
0.00326108932495
0.00469303131104
0.00396704673767
0.00350403785706
0.0031578540802
0.0030210018158
0.00308108329773
0.0030369758606
0.00302219390869
0.00323295593262
0.00450396537781
0.00393509864807
0.00356483459473
0.00330400466919
0.00313496589661
0.0030951499939
0.00305891036987
0.00428485870361
0.00405097007751
0.0041069984436
0.00356698036194
0.00313997268677
0.00339221954346
0.00311017036438
0.00326704978943
0.00300598144531
0.00302004814148
0.00301194190979
0.00304293632507
0.00304102897644
0.003005027771
0.00292110443115
0.0029399394989
0.00301909446716
0.00334310531616
0.00464510917664
0.00394701957703
0.00395703315735
0.00373601913452
0.00325608253479
0.00305509567261
0.00297403335571
0.00297212600708
0.00299215316772
0.0030529499054
0.0030369758606
0.00298094749451
0.00314807891846
0.00461220741272
0.00470304489136
0.00357007980347
0.00315403938293
0.00298094749451
0.00336909294128
0.00307178497314
0.00302505493164
0.003005027771
0.00313091278076
0.00305604934692
0.00315284729004
0.00301003456116
0.00297689437866
0.00297594070435
0.0029571056366
0.0028920173645
0.00299000740051
0.00296998023987
0.00293803215027
0.00300693511963
0.00313305854797
0.00314617156982
0.00292611122131
0.00303483009338
0.00399494171143
0.00305604934692
0.00307703018188
0.00297784805298
0.00291109085083
0.00296211242676
0.00297594070435
0.0032901763916
0.00402688980103
0.00396084785461
0.00353384017944
0.0033700466156
0.00335001945496
0.00324988365173
0.00305914878845
0.00310301780701
0.00319910049438
0.00314497947693
0.00300192832947
0.00291109085083
0.0030620098114
0.00311493873596
0.00324892997742
0.00311303138733
0.00301504135132
0.00318503379822
0.00401902198792
0.00377082824707
0.00332498550415
0.00303912162781
0.00311207771301
0.00334787368774
0.00322914123535
0.00297713279724
0.00306797027588
0.00306987762451
0.00297904014587
0.00319290161133
0.00332808494568
0.00316905975342
0.00301694869995
0.00301003456116
0.00326490402222
0.00300598144531
0.00289392471313
0.00296902656555
0.00303292274475
0.00302410125732
0.00291800498962
0.00297808647156
0.00290894508362
0.00302600860596
0.0029730796814
0.00341200828552
0.00445914268494
0.00395321846008
0.00348591804504
0.00319814682007
0.00313115119934
0.00301790237427
0.00300693511963
0.00304508209229
0.00301885604858
0.0030300617218
0.00302791595459
0.00302696228027
0.00307416915894
0.00300002098083
0.00304102897644
0.00327491760254
0.00318217277527
0.00308704376221
0.00316691398621
0.00315117835999
0.00317692756653
0.00303196907043
0.00304102897644
0.00305008888245
0.00314021110535
0.0032811164856
0.0030369758606
0.00294184684753
0.0029571056366
0.00299501419067
0.00290608406067
0.00301694869995
0.00300121307373
0.0030689239502
0.00423908233643
0.00416707992554
0.00333714485168
0.00299715995789
0.00302577018738
0.00311803817749
0.00324392318726
0.00310301780701
0.00308799743652
0.00303792953491
0.003014087677
0.00302982330322
0.0029149055481
0.00294494628906
0.00291109085083
0.00299096107483
0.0029821395874
0.00352191925049
0.00437498092651
0.00402092933655
0.00355505943298
0.00337982177734
0.0030632019043
0.00293707847595
0.00306797027588
0.00299406051636
0.00319814682007
0.00308203697205
0.00309205055237
0.00300407409668
0.00308585166931
0.00302600860596
0.00297784805298
0.00303483009338
0.00293111801147
0.00304889678955
0.00332999229431
0.00319600105286
0.00308084487915
0.00304388999939
0.00303816795349
0.00301313400269
0.00327587127686
0.0036780834198
0.00320100784302
0.00302696228027
0.00294589996338
0.00309205055237
0.00318789482117
0.00296711921692
0.0030369758606
0.00417900085449
0.0031430721283
0.00303196907043
0.00297808647156
0.00301599502563
0.00303196907043
0.00299501419067
0.00294303894043
0.00301003456116
0.00292301177979
0.00320506095886
0.00449204444885
0.00399994850159
0.00356411933899
0.00335884094238
0.00308895111084
0.00298690795898
0.00299000740051
0.00304198265076
0.00306105613708
0.00300812721252
0.00301194190979
0.00342106819153
0.00327491760254
0.0031909942627
0.00319981575012
0.0031590461731
0.00319409370422
0.00313591957092
0.00307297706604
0.00314497947693
0.00304317474365
0.00332713127136
0.00308704376221
0.00294589996338
0.00324010848999
0.00449013710022
0.00364112854004
0.00363612174988
0.00344705581665
0.00296807289124
0.00300717353821
0.00331997871399
0.00306582450867
0.00303602218628
0.00311017036438
0.00310301780701
0.00330901145935
0.00312995910645
0.00310611724854
0.00310206413269
0.00306391716003
0.00302290916443
0.00300097465515
0.0029308795929
0.00295305252075
0.00302600860596
0.003005027771
0.00350213050842
0.00338506698608
0.00307202339172
0.00312805175781
0.00302505493164
0.00324487686157
0.00302791595459
0.00307297706604
0.00446605682373
0.00397086143494
0.00356411933899
0.00400304794312
0.00378179550171
0.00451993942261
0.00393486022949
0.00397610664368
0.00368809700012
0.00324416160583
0.00320196151733
0.00299286842346
0.00325417518616
0.00417113304138
0.00392007827759
0.00369906425476
0.00335812568665
0.00317311286926
0.00329899787903
0.00301194190979
0.00311398506165
0.00300908088684
0.00320386886597
0.00418400764465
0.00372886657715
0.00309205055237
0.00298690795898
0.00303602218628
0.00303792953491
0.00292682647705
0.00316309928894
0.00520300865173
0.00386786460876
0.00303387641907
0.00343203544617
0.00296401977539
0.00301599502563
0.00326991081238
0.00457191467285
0.00396394729614
0.00411701202393
0.00367212295532
0.00326991081238
0.00319719314575
0.00297594070435
0.00298810005188
0.00311708450317
0.00302314758301
0.00297999382019
0.00358700752258
0.00333213806152
0.00310802459717
0.00304198265076
0.00302791595459
0.00321483612061
0.00304198265076
0.0030210018158
0.00304412841797
0.00294804573059
0.00302195549011
0.00292706489563
0.00305795669556
0.0030369758606
0.00292015075684
0.00305914878845
0.00319719314575
0.00300097465515
0.00321507453918
0.00307893753052
0.00326204299927
0.00455498695374
0.00371289253235
0.00308108329773
0.00310707092285
0.00310897827148
0.00384616851807
0.00343108177185
0.00303506851196
0.00322508811951
0.00318598747253
0.00300407409668
0.0030620098114
0.00454306602478
0.00305104255676
0.00291705131531
0.00290393829346
0.00319814682007
0.00449204444885
0.00464296340942
0.00399780273438
0.00366592407227
0.00324201583862
0.00300097465515
0.00293803215027
0.00294399261475
0.00317311286926
0.00317406654358
0.00422692298889
0.00425696372986
0.00304484367371
0.00317788124084
0.00439810752869
0.00387811660767
0.00396299362183
0.00315594673157
0.00316977500916
0.00303792953491
0.00313305854797
0.00314092636108
0.00307202339172
0.00334906578064
0.00328779220581
0.00308299064636
0.00318717956543
0.00297617912292
0.00310087203979
0.00302910804749
0.00296497344971
0.00290107727051
0.00295186042786
0.00322103500366
0.00403690338135
0.00396299362183
0.0031418800354
0.0030620098114
0.00306797027588
0.00396180152893
0.00371694564819
0.0032479763031
0.00302910804749
0.00307583808899
0.00302290916443
0.00292491912842
0.00327277183533
0.00433397293091
0.00357389450073
0.00304102897644
0.00301694869995
0.00520205497742
0.004154920578
0.00353789329529
0.00322604179382
0.00313901901245
0.00299501419067
0.00303506851196
0.00314402580261
0.00449895858765
0.00392293930054
0.00352907180786
0.00312185287476
0.00291705131531
0.00302290916443
0.00319790840149
0.00305318832397
0.0030689239502
0.00307893753052
0.00303912162781
0.00314497947693
0.00293517112732
0.00304388999939
0.00300192832947
0.00304198265076
0.00345802307129
0.00472784042358
0.00404000282288
0.00348496437073
0.00331401824951
0.0032958984375
0.00302600860596
0.00307106971741
0.00300693511963
0.00291204452515
0.00294184684753
0.00306797027588
0.00457906723022
0.00409984588623
0.00455904006958
0.00397300720215
0.00363779067993
0.00352501869202
0.0031430721283
0.00300407409668
0.00295805931091
0.00305581092834
0.00297594070435
0.00294613838196
0.0031099319458
0.00296902656555
0.00305604934692
0.0045371055603
0.00397515296936
0.00438094139099
0.00317001342773
0.00316405296326
0.00309681892395
0.00329899787903
0.00322198867798
0.00315284729004
0.00310802459717
0.00315499305725
0.00324201583862
0.0031909942627
0.00312495231628
0.00314211845398
0.00311994552612
0.00312399864197
0.00308990478516
0.00304579734802
0.00307488441467
0.00301384925842
0.00306391716003
0.00307989120483
0.0030460357666
0.00307106971741
0.00441193580627
0.00393509864807
0.00337815284729
0.00314712524414
0.00330519676208
0.00301098823547
0.00296211242676
0.0030529499054
0.00302910804749
0.00304579734802
0.00306606292725
0.00295090675354
0.00341296195984
0.00343680381775
0.00322318077087
0.00309681892395
0.00301003456116
0.00359201431274
0.00458407402039
0.00395798683167
0.00365304946899
0.00321388244629
0.00297379493713
0.00295305252075
0.00304698944092
0.00293898582458
0.00306916236877
0.00315618515015
0.00300002098083
0.0030198097229
0.00302410125732
0.00300216674805
0.0031578540802
0.00300908088684
0.00316095352173
0.00394105911255
0.00394606590271
0.00399899482727
0.00352096557617
0.00319409370422
0.00319910049438
0.00317001342773
0.0031590461731
0.00302910804749
0.00308203697205
0.00307106971741
0.00299406051636
0.00286793708801
0.00305914878845
0.00457096099854
0.00394797325134
0.00365710258484
0.00341296195984
0.00307607650757
0.00298714637756
0.00296998023987
0.00297093391418
0.00298500061035
0.00295495986938
0.00305390357971
0.00297212600708
0.00325489044189
0.00321912765503
0.00410079956055
0.00339984893799
0.00308084487915
0.00339102745056
0.00355315208435
0.00328707695007
0.00313186645508
0.00307488441467
0.00296497344971
0.00323796272278
0.0030369758606
0.00304698944092
0.00303912162781
0.00306487083435
0.00329518318176
0.00305390357971
0.00307989120483
0.00303602218628
0.00298190116882
0.00294518470764
0.00322318077087
0.00436305999756
0.00394892692566
0.00361299514771
0.00308918952942
0.00300693511963
0.00302386283875
0.00327515602112
0.00453305244446
0.00393915176392
0.00356507301331
0.00320982933044
0.00292301177979
0.00300407409668
0.00317096710205
0.00305581092834
0.00305795669556
0.00307488441467
0.00291395187378
0.00331902503967
0.00334882736206
0.00322604179382
0.00307011604309
0.00294280052185
0.00337719917297
0.00297403335571
0.00303602218628
0.00295495986938
0.00319194793701
0.00450301170349
0.0031270980835
0.00306701660156
0.00325202941895
0.00447416305542
0.0039370059967
0.00357890129089
0.00338912010193
0.00441098213196
0.00400590896606
0.00311303138733
0.00302696228027
0.00309014320374
0.00298976898193
0.0035548210144
0.00357413291931
0.0031361579895
0.00304508209229
0.00296092033386
0.00334191322327
0.00308394432068
0.00305104255676
0.00305318832397
0.00296998023987
0.00292301177979
0.00296807289124
0.00324082374573
0.00432991981506
0.0039439201355
0.00359392166138
0.00311398506165
0.00292706489563
0.00294399261475
0.00301599502563
0.00301098823547
0.0030210018158
0.00318288803101
0.00302791595459
0.00304579734802
0.00450921058655
0.00396084785461
0.00330781936646
0.0031259059906
0.0029981136322
0.00329804420471
0.00354480743408
0.00303101539612
0.00315403938293
0.00303506851196
0.00329899787903
0.00317287445068
0.00331282615662
0.00401902198792
0.00394296646118
0.00370407104492
0.00325298309326
0.00295400619507
0.00299406051636
0.00292801856995
0.00294709205627
0.0029718875885
0.00314998626709
0.00306010246277
0.00313591957092
0.00453495979309
0.0031099319458
0.00302886962891
0.00299596786499
0.00303602218628
0.0039370059967
0.00371503829956
0.00331783294678
0.00295090675354
0.00296497344971
0.00327706336975
0.00396919250488
0.00397396087646
0.00350785255432
0.00308084487915
0.00341200828552
0.00316119194031
0.00307011604309
0.0029661655426
0.00325584411621
0.00458598136902
0.00398302078247
0.00368189811707
0.00326895713806
0.00321698188782
0.00305509567261
0.00301098823547
0.00304007530212
0.00297498703003
0.00287199020386
0.00293111801147
0.00333189964294
0.00393986701965
0.00393605232239
0.00372004508972
0.00321316719055
0.00299596786499
0.00312995910645
0.00307488441467
0.00340604782104
0.00333094596863
0.00309705734253
0.00309300422668
0.00299906730652
0.00315308570862
0.00311088562012
0.00310015678406
0.00299310684204
0.00299501419067
0.00296092033386
0.00298094749451
0.00313305854797
0.00306582450867
0.00297689437866
0.00287199020386
0.00329804420471
0.00303387641907
0.00302290916443
0.00288987159729
0.00295400619507
0.00302910804749
0.003005027771
0.00302195549011
0.00304985046387
0.00293493270874
0.00292706489563
0.00304293632507
0.00305509567261
0.00299215316772
0.00302982330322
0.00295090675354
0.00331878662109
0.00488090515137
0.00435614585876
0.00311779975891
0.00305604934692
0.00331401824951
0.00399708747864
0.00367116928101
0.00320291519165
0.00314998626709
0.00303101539612
0.00302314758301
0.00296592712402
0.003014087677
0.00296998023987
0.00292205810547
0.00321698188782
0.00450301170349
0.00391411781311
0.00374317169189
0.00448989868164
0.00316500663757
0.00298404693604
0.00293207168579
0.00290703773499
0.00301790237427
0.00297403335571
0.00298690795898
0.00294399261475
0.00308704376221
0.0045919418335
0.00398802757263
0.00352501869202
0.00313806533813
0.00340104103088
0.00335001945496
0.00312209129333
0.00299692153931
0.00294089317322
0.00345802307129
0.00444388389587
0.00391387939453
0.00331592559814
0.00337696075439
0.00304508209229
0.00295901298523
0.00297594070435
0.00295615196228
0.00290989875793
0.00294399261475
0.00328683853149
0.00415277481079
0.00393509864807
0.00376892089844
0.00337195396423
0.00299882888794
0.00305604934692
0.00308108329773
0.00313115119934
0.00337100028992
0.00315690040588
0.00314998626709
0.0030460357666
0.00308418273926
0.00320792198181
0.00308799743652
0.00299000740051
0.00298810005188
0.00293898582458
0.00302314758301
0.003005027771
0.00299501419067
0.00296211242676
0.00295400619507
0.00295901298523
0.00312304496765
0.00298690795898
0.00293397903442
0.00295996665955
0.00301718711853
0.00315189361572
0.00439214706421
0.00396299362183
0.00342082977295
0.0030779838562
0.00301003456116
0.00303220748901
0.00300002098083
0.00306606292725
0.00306010246277
0.00368094444275
0.00332903862
0.00317001342773
0.0032000541687
0.00305891036987
0.00309801101685
0.00320196151733
0.0030620098114
0.00306510925293
0.00301790237427
0.00318503379822
0.0030620098114
0.00298094749451
0.00287890434265
0.00299406051636
0.00298500061035
0.00298690795898
0.0030460357666
0.00294899940491
0.00295495986938
0.00291991233826
0.00353503227234
0.00451803207397
0.00393414497375
0.00344610214233
0.00314712524414
0.00308084487915
0.00306701660156
0.00309681892395
0.00443696975708
0.00372910499573
0.00315284729004
0.00304794311523
0.0030791759491
0.00315403938293
0.0033221244812
0.00332403182983
0.00315403938293
0.0030620098114
0.00305581092834
0.00313019752502
0.00311493873596
0.00303602218628
0.00299715995789
0.00304913520813
0.00310802459717
0.00476098060608
0.00394582748413
0.00365495681763
0.00322008132935
0.00299501419067
0.00302600860596
0.00302886962891
0.00296711921692
0.00289487838745
0.00305414199829
0.00457096099854
0.00393509864807
0.00360107421875
0.00319504737854
0.00345492362976
0.00324892997742
0.00303912162781
0.00310587882996
0.00303101539612
0.00319194793701
0.00310397148132
0.0029890537262
0.00296688079834
0.00299286842346
0.00303316116333
0.00303101539612
0.00298190116882
0.00295901298523
0.00296711921692
0.00316977500916
0.00409412384033
0.00313901901245
0.00298094749451
0.00310087203979
0.00335597991943
0.00306987762451
0.00303196907043
0.0029730796814
0.0029821395874
0.00292086601257
0.00289702415466
0.00302505493164
0.00424599647522
0.0040271282196
0.0038800239563
0.00346398353577
0.00309014320374
0.00287294387817
0.003084897995
0.00309109687805
0.00344610214233
0.0044629573822
0.00413107872009
0.0044960975647
0.00418400764465
0.00352501869202
0.00311684608459
0.00299715995789
0.00298404693604
0.00301599502563
0.003084897995
0.00300288200378
0.00296807289124
0.00292491912842
0.00340509414673
0.00446486473083
0.00295615196228
0.00293588638306
0.00299000740051
0.00304985046387
0.0029501914978
0.00292491912842
0.00321412086487
0.0042519569397
0.00440311431885
0.00306797027588
0.00294995307922
0.00313210487366
0.0043261051178
0.00358605384827
0.00315594673157
0.00307893753052
0.00296807289124
0.00322604179382
0.00453901290894
0.0039598941803
0.00372409820557
0.00336289405823
0.00326609611511
0.00297594070435
0.00294494628906
0.00300598144531
0.00291109085083
0.00317907333374
0.00301098823547
0.00300693511963
0.00291109085083
0.00288200378418
0.00294303894043
0.00316500663757
0.00300598144531
0.00287795066833
0.00304985046387
0.00444483757019
0.00475788116455
0.00359702110291
0.00311899185181
0.00309896469116
0.00336909294128
0.00309610366821
0.00302290916443
0.0029571056366
0.00289607048035
0.00316381454468
0.00447511672974
0.0040590763092
0.0045690536499
0.00411200523376
0.00402998924255
0.00350117683411
0.00317406654358
0.00300002098083
0.00321793556213
0.00307583808899
0.00299692153931
0.00300908088684
0.00300312042236
0.00295305252075
0.00305104255676
0.00301098823547
0.0030460357666
0.00428104400635
0.00412917137146
0.00360083580017
0.00314402580261
0.00308418273926
0.00307106971741
0.00327491760254
0.00329995155334
0.00312304496765
0.00310206413269
0.0030529499054
0.00342202186584
0.00310683250427
0.00296592712402
0.00288605690002
0.00318121910095
0.00454497337341
0.00362801551819
0.00364995002747
0.00323414802551
0.00298619270325
0.00313305854797
0.00308203697205
0.00298118591309
0.00292682647705
0.00291299819946
0.00304508209229
0.00293397903442
0.00292706489563
0.00288391113281
0.00302195549011
0.00301003456116
0.00333499908447
0.00439500808716
0.00396704673767
0.00353980064392
0.00346994400024
0.00366187095642
0.00341701507568
0.00330400466919
0.00453495979309
0.00480484962463
0.00399208068848
0.00342798233032
0.00328898429871
0.00323796272278
0.00301790237427
0.00294613838196
0.00295090675354
0.00293588638306
0.00292801856995
0.00303196907043
0.00308012962341
0.00299620628357
0.00291681289673
0.0029149055481
0.00329399108887
0.00430011749268
0.00397610664368
0.00338506698608
0.00353717803955
0.00335717201233
0.00306987762451
0.00309491157532
0.00308990478516
0.00320410728455
0.00334787368774
0.00298595428467
0.0029308795929
0.00293302536011
0.00304698944092
0.00301694869995
0.00293803215027
0.00289487838745
0.00297999382019
0.00298309326172
0.00334596633911
0.00447392463684
0.00393486022949
0.00349402427673
0.0032970905304
0.00330400466919
0.00297999382019
0.00297594070435
0.00295400619507
0.0029399394989
0.00295805931091
0.00297403335571
0.00309085845947
0.00432300567627
0.00393795967102
0.00364899635315
0.0031590461731
0.00299191474915
0.00299215316772
0.00297498703003
0.00342416763306
0.00319790840149
0.00310611724854
0.00302696228027
0.00298094749451
0.00311613082886
0.00305414199829
0.00297808647156
0.00297498703003
0.00309109687805
0.00300407409668
0.00302290916443
0.00295805931091
0.00296688079834
0.00290513038635
0.00295400619507
0.00334310531616
0.00302410125732
0.00301694869995
0.00292992591858
0.00303411483765
0.00310516357422
0.00304412841797
0.00287079811096
0.00304007530212
0.0040168762207
0.00362110137939
0.00341892242432
0.00319981575012
0.00313401222229
0.00356292724609
0.0035388469696
0.0030529499054
0.00297498703003
0.00296092033386
0.00296115875244
0.00299501419067
0.00293302536011
0.00288510322571
0.00308299064636
0.00300598144531
0.00295305252075
0.00329399108887
0.00306701660156
0.00288701057434
0.00298595428467
0.00294589996338
0.00320911407471
0.00310111045837
0.00442814826965
0.00393009185791
0.00349593162537
0.00333905220032
0.00303888320923
0.00297594070435
0.00300097465515
0.00303983688354
0.00354409217834
0.00325703620911
0.00305008888245
0.00307106971741
0.0030369758606
0.00324606895447
0.00405097007751
0.00353384017944
0.00459790229797
0.00329184532166
0.00310492515564
0.00309205055237
0.00300717353821
0.00302815437317
0.00294399261475
0.00294899940491
0.0029239654541
0.0032160282135
0.00401210784912
0.00374102592468
0.00310802459717
0.00301003456116
0.00298500061035
0.00292086601257
0.00310897827148
0.00460505485535
0.00394701957703
0.00364089012146
0.00331282615662
0.0033221244812
0.00313115119934
0.00306987762451
0.00304198265076
0.00304079055786
0.00312614440918
0.00375199317932
0.00314402580261
0.00318479537964
0.00305509567261
0.00325703620911
0.00466680526733
0.00393986701965
0.00353193283081
0.00318002700806
0.00310897827148
0.00316691398621
0.00305604934692
0.00299310684204
0.00299406051636
0.00351500511169
0.00306415557861
0.00308895111084
0.00296306610107
0.00300598144531
0.00358104705811
0.00432014465332
0.00392889976501
0.00339102745056
0.00363612174988
0.00365209579468
0.00311517715454
0.00302577018738
0.00302886962891
0.00326299667358
0.003093957901
0.00299382209778
0.00297403335571
0.0028989315033
0.00298309326172
0.00305509567261
0.00295901298523
0.00302314758301
0.00454807281494
0.00392603874207
0.00378203392029
0.00400805473328
0.00367999076843
0.00329804420471
0.00313901901245
0.00442886352539
0.00449204444885
0.00329208374023
0.00317716598511
0.00326609611511
0.00302696228027
0.00295209884644
0.00302481651306
0.0032320022583
0.00459599494934
0.00313186645508
0.00299191474915
0.00303101539612
0.00312900543213
0.00332593917847
0.00313496589661
0.00446081161499
0.00393390655518
0.00361704826355
0.00344085693359
0.00294899940491
0.00304412841797
0.00326919555664
0.00307202339172
0.00305199623108
0.00292706489563
0.00327086448669
0.00463008880615
0.00439500808716
0.00307893753052
0.00304913520813
0.00291991233826
0.00310087203979
0.00301694869995
0.00293397903442
0.00300097465515
0.00307297706604
0.00313282012939
0.00423812866211
0.0041389465332
0.00332498550415
0.0031418800354
0.0030779838562
0.00349497795105
0.00330400466919
0.00315117835999
0.00308299064636
0.00304508209229
0.00316596031189
0.00307011604309
0.00298404693604
0.0030357837677
0.00298595428467
0.0031259059906
0.00307393074036
0.00298690795898
0.00295996665955
0.00292801856995
0.00300788879395
0.00340795516968
0.00450897216797
0.00393390655518
0.00349283218384
0.0035388469696
0.00338697433472
0.0029468536377
0.00301003456116
0.00310707092285
0.00305700302124
0.00378394126892
0.00423192977905
0.00391006469727
0.00334596633911
0.00320816040039
0.00308895111084
0.00304794311523
0.003005027771
0.0031750202179
0.00458598136902
0.00298881530762
0.0030460357666
0.00309109687805
0.00307106971741
0.00329995155334
0.00308299064636
0.00294709205627
0.00294089317322
0.00303411483765
0.00301098823547
0.00301909446716
0.003173828125
0.00456809997559
0.00394797325134
0.00389003753662
0.00324201583862
0.00297093391418
0.00306510925293
0.00305819511414
0.00353598594666
0.0033278465271
0.00302505493164
0.00319290161133
0.00458192825317
0.00404191017151
0.00377917289734
0.00322103500366
0.00309801101685
0.00312876701355
0.00322318077087
0.00299882888794
0.0029821395874
0.00317192077637
0.00446009635925
0.00396299362183
0.00356388092041
0.00320291519165
0.00300097465515
0.00324416160583
0.00307297706604
0.00298714637756
0.00289702415466
0.00292801856995
0.00305986404419
0.00294089317322
0.00294494628906
0.00299715995789
0.00295305252075
0.00310897827148
0.00342011451721
0.00420713424683
0.00303387641907
0.00305008888245
0.003093957901
0.00346302986145
0.00328087806702
0.00312805175781
0.00305414199829
0.00309181213379
0.00322914123535
0.00299000740051
0.00305199623108
0.0030300617218
0.00302505493164
0.00349521636963
0.00441908836365
0.00394701957703
0.00347900390625
0.00313305854797
0.00294995307922
0.00290703773499
0.00296211242676
0.00295996665955
0.0030357837677
0.00320386886597
0.00422096252441
0.00395679473877
0.00333404541016
0.00324201583862
0.00357890129089
0.00310492515564
0.00301599502563
0.00312900543213
0.0032069683075
0.00313806533813
0.00305008888245
0.00295805931091
0.00289583206177
1.90734863281E-6
